2 0.138889 0.929453 0.038194 0.021164
0 0.970486 0.293651 0.045139 0.037037
0 0.861979 0.828042 0.029514 0.037037
0 0.958333 0.465608 0.027778 0.038801
0 0.21441 0.85097 0.039931 0.037037
0 0.225694 0.706349 0.034722 0.03351
0 0.047743 0.414462 0.032986 0.031746
0 0.782118 0.127866 0.032986 0.037037
0 0.31684 0.84127 0.036458 0.035273
0 0.198785 0.212522 0.029514 0.040564
0 0.980903 0.872134 0.041667 0.040564
0 0.291667 0.095238 0.034722 0.035273
2 0.298611 0.298942 0.069444 0.03351
2 0.611111 0.731922 0.059028 0.035273
2 0.124132 0.298942 0.053819 0.040564
