2 0.041448 0.443579 0.037036 0.067711
2 0.097000 0.223093 0.074076 0.053816
2 0.375660 0.674481 0.035272 0.078127
2 0.057320 0.044271 0.044092 0.067711
2 0.123456 0.048611 0.035272 0.072919
2 0.220460 0.026043 0.074076 0.045136
2 0.508820 0.013023 0.033508 0.078127
2 0.539684 0.013891 0.031748 0.083335
2 0.593476 0.009551 0.051148 0.071183
2 0.558200 0.071179 0.079364 0.034720
2 0.525572 0.256077 0.024692 0.060767
1 0.115520 0.815972 0.044092 0.045136
1 0.299824 0.850692 0.045856 0.045136
1 0.267196 0.670141 0.029984 0.027776
1 0.662256 0.803820 0.037036 0.038192
1 0.868608 0.822916 0.040564 0.038192
1 0.244268 0.595486 0.029984 0.038192
1 0.943564 0.265625 0.031748 0.031248
1 0.642856 0.125870 0.047620 0.043400
1 0.216048 0.085935 0.040564 0.043400
