2 0.618056 0.246914 0.041667 0.070547
1 0.800347 0.077601 0.038194 0.035273
1 0.559028 0.356261 0.041667 0.042328
1 0.789062 0.939153 0.043403 0.040564
2 0.233507 0.069665 0.029514 0.082892
2 0.856771 0.126984 0.050347 0.063492
2 0.835069 0.171958 0.052083 0.03351
2 0.97309 0.452381 0.064236 0.037037
1 0.4375 0.728395 0.038194 0.038801
1 0.21441 0.938272 0.043403 0.042328
1 0.913194 0.893298 0.041667 0.037037
1 0.099826 0.589947 0.036458 0.037037
1 0.019097 0.197531 0.041667 0.038801
1 0.222222 0.451499 0.041667 0.042328
1 0.740451 0.575838 0.032986 0.040564
