2 0.083774 0.981771 0.03351 0.057292
0 0.424162 0.416667 0.03351 0.038194
0 0.567019 0.40625 0.040564 0.038194
0 0.779541 0.459201 0.035273 0.039931
0 0.858025 0.194444 0.040564 0.045139
0 0.320106 0.507812 0.037037 0.036458
0 0.186067 0.403646 0.037037 0.036458
0 0.974427 0.414063 0.037037 0.036458
2 0.974427 0.333333 0.037037 0.048611
1 0.880071 0.253472 0.031746 0.03125
0 0.008818 0.399306 0.035273 0.038194
0 0.170194 0.513021 0.037037 0.036458
2 0.393298 0.605035 0.067019 0.032986
0 0.058201 0.338542 0.045855 0.045139
