1 0.005208 0.833333 0.041667 0.040564
2 0.1875 0.981481 0.065972 0.040564
1 0.101562 0.917989 0.039931 0.040564
1 0.239583 0.477954 0.041667 0.038801
1 0.375868 0.688713 0.043403 0.044092
1 0.759549 0.57231 0.043403 0.047619
1 0.403646 0.393298 0.032986 0.038801
1 0.385417 0.35097 0.041667 0.038801
2 0.765625 0.828042 0.065972 0.061728
2 0.636285 0.828042 0.067708 0.037037
2 0.65191 0.782187 0.046875 0.065256
2 0.672743 0.414462 0.043403 0.049383
2 0.592882 0.22575 0.057292 0.077601
1 0.663194 0.251323 0.045139 0.047619
1 0.989583 0.74515 0.038194 0.047619
2 0.962674 0.305115 0.036458 0.070547
