1 0.164904 0.994794 0.040564 0.041664
2 0.016756 0.813368 0.040564 0.064239
1 0.080248 0.898439 0.040564 0.039928
1 0.521164 0.760420 0.040564 0.041664
1 0.309524 0.625866 0.044092 0.043400
1 0.426808 0.240453 0.045856 0.043400
1 0.604940 0.597222 0.038800 0.034720
1 0.649028 0.616318 0.038800 0.041664
2 0.170196 0.234377 0.061728 0.065975
2 0.171076 0.364584 0.038800 0.065975
2 0.217812 0.348092 0.065256 0.046872
2 0.585536 0.327260 0.049384 0.043400
2 0.772488 0.408852 0.077600 0.057295
1 0.748676 0.336808 0.047620 0.045136
1 0.253968 0.009551 0.045856 0.039928
2 0.694884 0.038195 0.070548 0.038192
