1 0.085538 0.28559 0.037037 0.039931
2 0.04321 0.078993 0.040564 0.050347
2 0.098765 0.814236 0.035273 0.083333
2 0.005291 0.791667 0.059965 0.055556
1 0.23545 0.595486 0.040564 0.038194
1 0.150794 0.731771 0.037037 0.039931
1 0.247795 0.776042 0.044092 0.041667
1 0.008818 0.709201 0.035273 0.036458
2 0.783951 0.078993 0.075838 0.029514
2 0.632275 0.097222 0.061728 0.045139
2 0.618166 0.396701 0.07231 0.032986
2 0.146384 0.447049 0.102293 0.029514
2 0.660494 0.907986 0.082892 0.048611
1 0.453263 0.723958 0.038801 0.038194
1 0.487654 0.121528 0.03351 0.034722
1 0.627866 0.717014 0.042328 0.041667
1 0.787478 0.426215 0.029982 0.039931
1 0.825397 0.351562 0.042328 0.032986
1 0.425926 0.228299 0.044092 0.043403
2 0.116402 0.672743 0.056437 0.046875
2 0.416226 0.68316 0.081129 0.032986
