2 0.987656 0.425345 0.031748 0.055559
2 0.463844 0.159723 0.045856 0.041664
2 0.278660 0.053820 0.049384 0.052080
2 0.423280 0.487848 0.042328 0.038192
0 0.173720 0.140627 0.044092 0.045136
2 0.021164 0.993927 0.049384 0.026040
2 0.061728 0.784725 0.049384 0.041664
2 0.104940 0.815973 0.044092 0.045136
1 0.075836 0.817709 0.028220 0.027776
2 0.027336 0.432289 0.054672 0.034720
2 0.018520 0.519964 0.044092 0.036456
2 0.108464 0.596355 0.054672 0.032984
2 0.034392 0.586807 0.033508 0.048608
2 0.233688 0.520832 0.033508 0.055559
2 0.119048 0.210935 0.065256 0.032984
2 0.216048 0.149307 0.040564 0.055559
2 0.325396 0.128475 0.033508 0.059031
0 0.115520 0.084200 0.058200 0.036456
2 0.272488 0.299478 0.040564 0.050344
3 0.314816 0.401909 0.065256 0.029512
2 0.592592 0.464412 0.035272 0.057295
0 0.658732 0.427949 0.044092 0.036456
3 0.403000 0.315970 0.037036 0.041664
3 0.529984 0.497396 0.054672 0.043400
2 0.317460 0.682294 0.031748 0.048608
2 0.590828 0.749130 0.035272 0.057295
0 0.946208 0.952256 0.044092 0.050344
2 0.821868 0.707466 0.063492 0.032984
0 0.865960 0.413193 0.052912 0.038192
2 0.786596 0.438365 0.038800 0.050344
2 0.871252 0.158855 0.045856 0.043400
1 0.944444 0.522568 0.015872 0.013888
1 0.875660 0.717882 0.015872 0.015624
