2 0.861111 0.070547 0.038194 0.021164
0 0.029514 0.706349 0.045139 0.037037
0 0.138021 0.171958 0.029514 0.037037
0 0.041667 0.534392 0.027778 0.038801
0 0.78559 0.14903 0.039931 0.037037
0 0.774306 0.293651 0.034722 0.03351
0 0.952257 0.585538 0.032986 0.031746
0 0.217882 0.872134 0.032986 0.037037
0 0.68316 0.15873 0.036458 0.035273
0 0.801215 0.787478 0.029514 0.040564
0 0.019097 0.127866 0.041667 0.040564
0 0.708333 0.904762 0.034722 0.035273
2 0.701389 0.701058 0.069444 0.03351
2 0.388889 0.268078 0.059028 0.035273
2 0.875868 0.701058 0.053819 0.040564
