3 0.391536 0.184896 0.042328 0.032984
3 0.718696 0.139760 0.037036 0.043400
3 0.876544 0.152780 0.028220 0.045136
3 0.738976 0.060765 0.049384 0.038192
3 0.594356 0.211804 0.024692 0.041664
2 0.581128 0.349823 0.040564 0.050344
2 0.782188 0.303819 0.068784 0.041664
3 0.855380 0.460934 0.049384 0.029512
2 0.437388 0.603300 0.028220 0.071183
3 0.571428 0.706599 0.049384 0.034720
0 0.480600 0.407986 0.026456 0.045136
0 0.840388 0.652776 0.033508 0.048608
3 0.750440 0.765623 0.037036 0.048608
0 0.991180 0.875866 0.042328 0.050344
3 0.686068 0.954861 0.045856 0.038192
0 0.416224 0.618056 0.031748 0.034720
