0 0.972664 0.198782 0.047620 0.043400
0 0.913580 0.213545 0.042328 0.038192
2 0.941800 0.797744 0.035272 0.060767
0 0.793652 0.558162 0.049384 0.043400
0 0.650792 0.447051 0.042328 0.046872
2 0.469136 0.447051 0.059964 0.032984
0 0.342152 0.450523 0.024692 0.043400
0 0.552028 0.230037 0.035272 0.046872
0 0.672840 0.038195 0.033508 0.038192
2 0.557320 0.650177 0.052912 0.050344
0 0.441800 0.585070 0.047620 0.041664
0 0.001764 0.523435 0.042328 0.043400
0 0.570548 0.101566 0.044092 0.050344
3 0.534392 0.081595 0.024692 0.038192
0 0.022044 0.296005 0.044092 0.039928
