2 0.610228 0.555559 0.056436 0.027776
2 0.583776 0.091144 0.031748 0.039928
2 0.231040 0.236114 0.049384 0.031248
0 0.084656 0.526040 0.031748 0.041664
0 0.307760 0.541664 0.033508 0.038192
0 0.350972 0.485244 0.038800 0.039928
0 0.180776 0.256078 0.033508 0.039928
0 0.128748 0.326386 0.035272 0.038192
0 0.098764 0.308158 0.031748 0.039928
0 0.549384 0.490452 0.037036 0.036456
0 0.478836 0.634547 0.033508 0.039928
0 0.432100 0.710938 0.038800 0.032984
0 0.641092 0.255210 0.037036 0.038192
0 0.386244 0.151911 0.031748 0.039928
0 0.113756 0.050348 0.044092 0.041664
2 0.785716 0.538192 0.026456 0.034720
0 0.830688 0.501736 0.024692 0.038192
2 0.896824 0.549476 0.033508 0.032984
0 0.960316 0.358509 0.037036 0.026040
2 0.981480 0.452260 0.037036 0.026040
2 0.798060 0.003469 0.029984 0.034720
2 0.903880 0.139759 0.033508 0.029512
2 0.840388 0.197047 0.033508 0.026040
2 0.734568 0.001733 0.040564 0.027776
0 0.128748 0.098956 0.035272 0.038192
0 0.267196 0.467016 0.037036 0.038192
2 0.574956 0.627603 0.038800 0.022568
