0 0.023808 0.404514 0.029984 0.038192
2 0.146384 0.856770 0.049384 0.053816
2 0.590828 0.954861 0.042328 0.031248
0 0.470016 0.886282 0.033508 0.046872
3 0.843032 0.842014 0.045856 0.041664
2 0.998236 0.179688 0.077600 0.032984
2 0.979716 0.667532 0.037036 0.057295
2 0.667548 0.825522 0.033508 0.053816
2 0.671956 0.618056 0.059964 0.038192
2 0.635804 0.440102 0.040564 0.053816
2 0.548500 0.522569 0.059964 0.034720
2 0.389772 0.490453 0.059964 0.050344
2 0.358024 0.078993 0.056436 0.043400
2 0.147268 0.201388 0.058200 0.034720
2 0.203704 0.302951 0.054672 0.064239
2 0.283952 0.348087 0.067020 0.029512
2 0.203704 0.641492 0.061728 0.029512
2 0.069664 0.921009 0.058200 0.039928
