2 0.082892 0.017364 0.031748 0.059031
0 0.423280 0.583335 0.031748 0.038192
0 0.565256 0.594619 0.040564 0.039928
0 0.778660 0.542532 0.037036 0.039928
0 0.858024 0.805557 0.040564 0.045136
0 0.319224 0.493056 0.038800 0.038192
0 0.184304 0.597223 0.037036 0.038192
0 0.972664 0.585939 0.037036 0.036456
2 0.972664 0.666670 0.037036 0.048608
1 0.879188 0.748262 0.029984 0.031248
0 0.007936 0.601563 0.037036 0.039928
0 0.168432 0.487848 0.037036 0.038192
2 0.391536 0.395833 0.067020 0.034720
0 0.058200 0.663191 0.045856 0.045136
