2 0.533508 0.300348 0.026456 0.041664
3 0.848324 0.840279 0.031748 0.045136
2 0.968252 0.383683 0.035272 0.031248
0 0.162256 0.899303 0.042328 0.041664
0 0.600528 0.653645 0.029984 0.043400
0 0.488536 0.940106 0.028220 0.036456
0 0.888008 0.632813 0.037036 0.032984
0 0.350972 0.322048 0.035272 0.039928
0 0.216932 0.874131 0.038800 0.039928
0 0.461200 0.901907 0.029984 0.039928
0 0.903000 0.933162 0.038800 0.029512
0 0.679012 0.379343 0.038800 0.036456
2 0.103176 0.763888 0.047620 0.027776
2 0.451500 0.494794 0.056436 0.045136
2 0.576720 0.227429 0.028220 0.055559
