1 0.243386 0.127604 0.045855 0.039931
1 0.837743 0.866319 0.038801 0.038194
2 0.746914 0.688368 0.037037 0.095486
2 0.862434 0.737847 0.081129 0.072917
2 0.805115 0.363715 0.061728 0.050347
2 0.93739 0.392361 0.047619 0.069444
1 0.839506 0.463542 0.038801 0.034722
2 0.693122 0.352431 0.056437 0.052083
1 0.489418 0.099826 0.037037 0.039931
1 0.554674 0.019097 0.037037 0.038194
1 0.485891 0.866319 0.022928 0.024306
2 0.836861 0.072917 0.037037 0.038194
1 0.854497 0.019097 0.037037 0.034722
1 0.62963 0.083333 0.05291 0.041667
