1 0.916226 0.28559 0.037037 0.039931
2 0.958554 0.078993 0.040564 0.050347
2 0.902998 0.814236 0.035273 0.083333
2 0.995591 0.791667 0.058201 0.055556
1 0.766314 0.595486 0.040564 0.038194
1 0.85097 0.731771 0.037037 0.039931
1 0.753968 0.776042 0.044092 0.041667
1 0.992063 0.709201 0.03351 0.036458
2 0.217813 0.078993 0.075838 0.029514
2 0.369489 0.097222 0.061728 0.045139
2 0.383598 0.396701 0.07231 0.032986
2 0.855379 0.447049 0.102293 0.029514
2 0.34127 0.907986 0.082892 0.048611
1 0.548501 0.723958 0.038801 0.038194
1 0.514109 0.121528 0.03351 0.034722
1 0.373898 0.717014 0.042328 0.041667
1 0.214286 0.426215 0.029982 0.039931
1 0.176367 0.351562 0.042328 0.032986
1 0.575838 0.228299 0.044092 0.043403
2 0.885362 0.672743 0.056437 0.046875
2 0.585538 0.68316 0.081129 0.032986
