3 0.743924 0.349206 0.032986 0.035273
0 0.538194 0.249559 0.041667 0.037037
0 0.565104 0.187831 0.039931 0.03351
0 0.600694 0.25485 0.034722 0.040564
0 0.328993 0.432099 0.039931 0.035273
0 0.404514 0.582011 0.03125 0.042328
0 0.479167 0.462963 0.038194 0.03351
0 0.978299 0.65873 0.026042 0.040564
0 0.28125 0.104938 0.038194 0.047619
0 0.108507 0.122575 0.046875 0.037037
0 0.739583 0.515873 0.034722 0.040564
0 0.401042 0.223986 0.027778 0.035273
0 0.223958 0.322751 0.041667 0.042328
2 0.135417 0.535273 0.048611 0.040564
