0 0.491180 0.833333 0.040564 0.041664
0 0.408288 0.654511 0.047620 0.045136
2 0.370372 0.796009 0.049384 0.057295
2 0.804232 0.727430 0.045856 0.065975
3 0.708112 0.300346 0.051148 0.048608
2 0.113756 0.842013 0.040564 0.052080
2 0.110228 0.960936 0.061728 0.053816
2 0.004408 0.861977 0.068784 0.039928
2 0.156968 0.473960 0.059964 0.048608
2 0.106700 0.296874 0.051148 0.052080
0 0.604056 0.143231 0.044092 0.046872
2 0.459436 0.502604 0.037036 0.064239
2 0.485892 0.355037 0.033508 0.064239
2 0.514992 0.435761 0.042328 0.041664
2 0.947972 0.343753 0.044092 0.048608
0 0.598764 0.066840 0.047620 0.043400
2 0.882716 0.157119 0.040564 0.043400
2 0.831568 0.080728 0.051148 0.053816
2 0.752204 0.211803 0.040564 0.059031
2 0.630512 0.241322 0.054672 0.041664
