2 0.268076 0.340281 0.038800 0.052080
2 0.255732 0.275174 0.028220 0.057295
1 0.742504 0.305554 0.042328 0.041664
3 0.328044 0.399305 0.042328 0.041664
2 0.203704 0.301214 0.037036 0.043400
2 0.186948 0.498264 0.070548 0.034720
2 0.246912 0.467884 0.038800 0.046872
0 0.238976 0.614583 0.033508 0.041664
3 0.541448 0.418401 0.038800 0.041664
0 0.694884 0.581599 0.045856 0.031248
0 0.319224 0.788197 0.035272 0.041664
2 0.202820 0.816841 0.059964 0.032984
2 0.318344 0.895836 0.029984 0.062503
0 0.778660 0.756942 0.044092 0.038192
0 0.611992 0.907988 0.038800 0.045136
3 0.968252 0.226566 0.038800 0.039928
2 0.479716 0.008684 0.052912 0.059031
3 0.160492 0.480036 0.031748 0.019096
