1 0.758376 0.874129 0.045856 0.039928
1 0.164020 0.133683 0.038800 0.038192
2 0.253088 0.313366 0.037036 0.095487
2 0.139328 0.262154 0.081128 0.072919
2 0.196648 0.638019 0.061728 0.050344
2 0.063492 0.608507 0.045856 0.067711
1 0.162256 0.538192 0.038800 0.034720
2 0.308640 0.649303 0.056436 0.052080
1 0.511464 0.900176 0.038800 0.039928
1 0.445328 0.982636 0.037036 0.038192
1 0.515872 0.133683 0.022928 0.024304
2 0.163140 0.927952 0.037036 0.039928
1 0.145504 0.982636 0.037036 0.034720
1 0.371252 0.917536 0.051148 0.043400
