1 0.872396 0.758377 0.039931 0.045855
1 0.133681 0.164021 0.038194 0.038801
2 0.311632 0.25485 0.095486 0.037037
2 0.262153 0.13933 0.072917 0.081129
2 0.636285 0.196649 0.050347 0.061728
2 0.607639 0.064374 0.069444 0.047619
1 0.536458 0.162257 0.034722 0.038801
2 0.647569 0.308642 0.052083 0.056437
1 0.900174 0.512346 0.039931 0.037037
1 0.980903 0.44709 0.038194 0.037037
1 0.133681 0.515873 0.024306 0.022928
2 0.927083 0.164903 0.038194 0.037037
1 0.980903 0.147266 0.034722 0.037037
1 0.916667 0.372134 0.041667 0.05291
