2 0.246032 0.618923 0.068784 0.043400
1 0.076720 0.800349 0.037036 0.038192
1 0.356260 0.559031 0.042328 0.041664
1 0.939152 0.789065 0.040564 0.043400
2 0.069664 0.233510 0.082892 0.029512
2 0.126984 0.858505 0.063492 0.050344
2 0.171076 0.835937 0.035272 0.053816
2 0.452380 0.974824 0.037036 0.064239
1 0.726632 0.439233 0.038800 0.038192
1 0.936508 0.216143 0.042328 0.043400
1 0.891536 0.913196 0.037036 0.041664
1 0.588184 0.101560 0.037036 0.036456
1 0.195768 0.018232 0.038800 0.043400
1 0.449736 0.223955 0.042328 0.041664
1 0.574076 0.742186 0.040564 0.032984
