1 0.994792 0.166667 0.041667 0.040564
2 0.8125 0.018519 0.065972 0.040564
1 0.898438 0.082011 0.039931 0.040564
1 0.760417 0.522046 0.041667 0.038801
1 0.624132 0.311287 0.043403 0.044092
1 0.240451 0.42769 0.043403 0.047619
1 0.596354 0.606702 0.032986 0.038801
1 0.614583 0.64903 0.041667 0.038801
2 0.234375 0.171958 0.065972 0.061728
2 0.363715 0.171958 0.067708 0.037037
2 0.34809 0.217813 0.046875 0.065256
2 0.327257 0.585538 0.043403 0.049383
2 0.407118 0.77425 0.057292 0.077601
1 0.336806 0.748677 0.045139 0.047619
1 0.010417 0.25485 0.038194 0.047619
2 0.037326 0.694885 0.036458 0.070547
