2 0.981771 0.082011 0.057292 0.03351
0 0.416667 0.422399 0.038194 0.03351
0 0.40625 0.565256 0.038194 0.040564
0 0.459201 0.777778 0.039931 0.035273
0 0.194444 0.856261 0.045139 0.040564
0 0.507812 0.318342 0.036458 0.037037
0 0.403646 0.184303 0.036458 0.037037
0 0.414062 0.972663 0.036458 0.037037
2 0.333333 0.972663 0.048611 0.037037
1 0.253472 0.878307 0.03125 0.031746
0 0.399306 0.007937 0.038194 0.03351
0 0.513021 0.16843 0.036458 0.037037
2 0.605035 0.391534 0.032986 0.067019
0 0.338542 0.056437 0.045139 0.045855
