1 0.758377 0.127604 0.045855 0.039931
1 0.164021 0.866319 0.038801 0.038194
2 0.25485 0.688368 0.037037 0.095486
2 0.13933 0.737847 0.081129 0.072917
2 0.196649 0.363715 0.061728 0.050347
2 0.064374 0.392361 0.047619 0.069444
1 0.162257 0.463542 0.038801 0.034722
2 0.308642 0.352431 0.056437 0.052083
1 0.512346 0.099826 0.037037 0.039931
1 0.44709 0.019097 0.037037 0.038194
1 0.515873 0.866319 0.022928 0.024306
2 0.164903 0.072917 0.037037 0.038194
1 0.147266 0.019097 0.037037 0.034722
1 0.372134 0.083333 0.05291 0.041667
