2 0.284832 0.909725 0.037036 0.052080
3 0.288360 0.747395 0.040564 0.032984
3 0.080248 0.797746 0.037036 0.039928
2 0.208996 0.722223 0.065256 0.031248
3 0.541448 0.809898 0.031748 0.032984
0 0.576720 0.818578 0.038800 0.036456
3 0.733688 0.899309 0.031748 0.045136
2 0.029984 0.388890 0.056436 0.024304
2 0.092592 0.342011 0.054672 0.027776
2 0.323632 0.535589 0.047620 0.032984
2 0.357144 0.521701 0.047620 0.029512
0 0.290124 0.389758 0.044092 0.036456
2 0.590828 0.271703 0.052912 0.029512
0 0.604056 0.557289 0.037036 0.038192
3 0.765432 0.517361 0.028220 0.034720
2 0.776896 0.654512 0.054672 0.034720
2 0.106700 0.434026 0.058200 0.027776
3 0.108464 0.412326 0.033508 0.029512
0 0.573192 0.981769 0.035272 0.043400
3 0.153440 0.092881 0.038800 0.039928
3 0.023808 0.315971 0.044092 0.038192
