0 0.800705 0.792535 0.038801 0.036458
0 0.833333 0.648438 0.040564 0.043403
2 0.985009 0.53559 0.054674 0.036458
0 0.65873 0.717882 0.037037 0.032986
0 0.716931 0.71875 0.040564 0.041667
1 0.241623 0.480035 0.028219 0.032986
0 0.152557 0.50434 0.037037 0.029514
2 0.766314 0.034722 0.068783 0.045139
0 0.100529 0.115451 0.031746 0.039931
0 0.07231 0.139757 0.031746 0.039931
0 0.352734 0.234375 0.035273 0.034722
2 0.396825 0.194444 0.056437 0.041667
0 0.100529 0.25 0.035273 0.038194
2 0.671958 0.039062 0.059965 0.032986
0 0.400353 0.848958 0.042328 0.03125
0 0.355379 0.837674 0.040564 0.032986
0 0.535273 0.881944 0.03351 0.034722
0 0.395062 0.741319 0.042328 0.03125
2 0.214286 0.934896 0.058201 0.029514
0 0.570547 0.188368 0.03351 0.036458
3 0.000882 0.389757 0.029982 0.026042
