3 0.349208 0.256078 0.035272 0.032984
0 0.249560 0.461808 0.037036 0.041664
0 0.188712 0.436629 0.035272 0.039928
0 0.254852 0.400173 0.040564 0.036456
0 0.432100 0.671010 0.035272 0.039928
0 0.582012 0.596355 0.042328 0.032984
0 0.462964 0.522568 0.033508 0.038192
0 0.659612 0.021704 0.042328 0.026040
0 0.106700 0.719618 0.047620 0.039928
0 0.122576 0.891496 0.037036 0.046872
0 0.517636 0.260418 0.040564 0.034720
0 0.225748 0.599827 0.035272 0.029512
0 0.322752 0.776045 0.042328 0.041664
2 0.537036 0.866317 0.040564 0.048608
