1 0.241624 0.874129 0.045856 0.039928
1 0.835980 0.133683 0.038800 0.038192
2 0.746912 0.313366 0.037036 0.095487
2 0.860672 0.262154 0.081128 0.072919
2 0.803352 0.638019 0.061728 0.050344
2 0.936508 0.608507 0.045856 0.067711
1 0.837744 0.538192 0.038800 0.034720
2 0.691360 0.649303 0.056436 0.052080
1 0.488536 0.900176 0.038800 0.039928
1 0.554672 0.982636 0.037036 0.038192
1 0.484128 0.133683 0.022928 0.024304
2 0.836860 0.927952 0.037036 0.039928
1 0.854496 0.982636 0.037036 0.034720
1 0.628748 0.917536 0.051148 0.043400
