2 0.917989 0.981771 0.03351 0.057292
0 0.577601 0.416667 0.03351 0.038194
0 0.434744 0.40625 0.040564 0.038194
0 0.222222 0.459201 0.035273 0.039931
0 0.143739 0.194444 0.040564 0.045139
0 0.681658 0.507812 0.037037 0.036458
0 0.815697 0.403646 0.037037 0.036458
0 0.027337 0.414062 0.037037 0.036458
2 0.027337 0.333333 0.037037 0.048611
1 0.121693 0.253472 0.031746 0.03125
0 0.992063 0.399306 0.03351 0.038194
0 0.83157 0.513021 0.037037 0.036458
2 0.608466 0.605035 0.067019 0.032986
0 0.943563 0.338542 0.045855 0.045139
