0 0.320988 0.943576 0.038800 0.036456
3 0.673720 0.918404 0.031748 0.038192
2 0.792768 0.917536 0.033508 0.053816
2 0.849208 0.559031 0.058200 0.041664
3 0.894180 0.087672 0.049384 0.046872
2 0.749560 0.007816 0.049384 0.043400
2 0.571428 0.102428 0.063492 0.048608
1 0.334216 0.177951 0.029984 0.032984
3 0.201940 0.009552 0.029984 0.039928
3 0.000000 0.065972 0.049384 0.034720
0 0.511464 0.796009 0.049384 0.036456
3 0.474428 0.736978 0.042328 0.039928
3 0.387124 0.354169 0.044092 0.052080
0 0.359788 0.447920 0.042328 0.041664
3 0.209876 0.664934 0.031748 0.034720
3 0.099648 0.643227 0.051148 0.039928
3 0.054672 0.907120 0.049384 0.032984
1 0.441800 0.578127 0.033508 0.031248
