0 0.207465 0.800705 0.036458 0.038801
0 0.351562 0.833333 0.043403 0.040564
2 0.46441 0.985009 0.036458 0.054674
0 0.282118 0.65873 0.032986 0.037037
0 0.28125 0.716931 0.041667 0.040564
1 0.519965 0.241623 0.032986 0.028219
0 0.49566 0.152557 0.029514 0.037037
2 0.965278 0.766314 0.045139 0.068783
0 0.884549 0.100529 0.039931 0.031746
0 0.860243 0.07231 0.039931 0.031746
0 0.765625 0.352734 0.034722 0.035273
2 0.805556 0.396825 0.041667 0.056437
0 0.75 0.100529 0.038194 0.035273
2 0.960938 0.671958 0.032986 0.059965
0 0.151042 0.400353 0.03125 0.042328
0 0.162326 0.355379 0.032986 0.040564
0 0.118056 0.535273 0.034722 0.03351
0 0.258681 0.395062 0.03125 0.042328
2 0.065104 0.214286 0.029514 0.058201
0 0.811632 0.570547 0.036458 0.03351
3 0.610243 0.000882 0.026042 0.029982
