2 0.07231 0.861111 0.021164 0.038194
0 0.708113 0.029514 0.037037 0.045139
0 0.173721 0.138021 0.037037 0.029514
0 0.536155 0.041667 0.038801 0.027778
0 0.150794 0.78559 0.037037 0.039931
0 0.295414 0.774306 0.03351 0.034722
0 0.587302 0.952257 0.031746 0.032986
0 0.873898 0.217882 0.037037 0.032986
0 0.160494 0.68316 0.035273 0.036458
0 0.789242 0.801215 0.040564 0.029514
0 0.12963 0.019097 0.040564 0.041667
0 0.906526 0.708333 0.035273 0.034722
2 0.702822 0.701389 0.03351 0.069444
2 0.269841 0.388889 0.035273 0.059028
2 0.702822 0.875868 0.040564 0.053819
