2 0.305116 0.224823 0.031748 0.046872
2 0.992064 0.866317 0.037036 0.048608
2 0.477956 0.798613 0.038800 0.055559
2 0.248676 0.731770 0.031748 0.050344
2 0.332452 0.703994 0.054672 0.036456
2 0.313932 0.830729 0.042328 0.043400
2 0.160492 0.755206 0.049384 0.041664
3 0.277776 0.748262 0.026456 0.027776
0 0.446208 0.488716 0.038800 0.050344
2 0.105820 0.118059 0.035272 0.059031
2 0.702820 0.006073 0.051148 0.043400
2 0.823632 0.121531 0.052912 0.041664
2 0.703704 0.333330 0.049384 0.034720
2 0.857144 0.440101 0.042328 0.046872
1 0.603176 0.349829 0.031748 0.026040
2 0.658732 0.639755 0.054672 0.043400
2 0.632276 0.906252 0.037036 0.052080
2 0.784832 0.928820 0.049384 0.031248
2 0.972664 0.611979 0.051148 0.032984
2 0.964728 0.552948 0.049384 0.043400
2 0.913580 0.601563 0.042328 0.046872
3 0.895944 0.664934 0.045856 0.052080
