2 0.031252 0.100528 0.062503 0.035272
2 0.114580 0.082892 0.055559 0.031748
2 0.074652 0.200176 0.027776 0.044092
2 0.318574 0.514108 0.022568 0.040564
0 0.774309 0.326280 0.027776 0.038800
0 0.073784 0.491180 0.043400 0.026456
0 0.789065 0.536156 0.039928 0.042328
2 0.585939 0.592592 0.057295 0.031748
0 0.745658 0.610228 0.036456 0.042328
2 0.825521 0.515872 0.036456 0.065256
1 0.883684 0.481480 0.020832 0.021164
2 0.697050 0.257496 0.036456 0.042328
2 0.447920 0.256612 0.034720 0.051148
0 0.418401 0.465608 0.027776 0.042328
0 0.353301 0.497356 0.043400 0.038800
1 0.732638 0.568784 0.020832 0.022928
