0 0.201058 0.792535 0.038801 0.036458
0 0.16843 0.648438 0.040564 0.043403
2 0.015873 0.53559 0.056437 0.036458
0 0.343034 0.717882 0.037037 0.032986
0 0.284832 0.71875 0.040564 0.041667
1 0.760141 0.480035 0.028219 0.032986
0 0.849206 0.50434 0.037037 0.029514
2 0.23545 0.034722 0.068783 0.045139
0 0.901235 0.115451 0.031746 0.039931
0 0.929453 0.139757 0.031746 0.039931
0 0.64903 0.234375 0.035273 0.034722
2 0.604938 0.194444 0.056437 0.041667
0 0.901235 0.25 0.035273 0.038194
2 0.329806 0.039062 0.059965 0.032986
0 0.601411 0.848958 0.042328 0.03125
0 0.646384 0.837674 0.040564 0.032986
0 0.46649 0.881944 0.03351 0.034722
0 0.606702 0.741319 0.042328 0.03125
2 0.787478 0.934896 0.058201 0.029514
0 0.431217 0.188368 0.03351 0.036458
3 1.0 0.389757 0.028219 0.026042
