2 0.700521 0.46649 0.039931 0.026455
3 0.16059 0.150794 0.043403 0.03351
2 0.616319 0.031746 0.03125 0.035273
0 0.102431 0.837743 0.041667 0.042328
0 0.347222 0.399471 0.041667 0.029982
0 0.059896 0.510582 0.036458 0.029982
0 0.368056 0.110229 0.03125 0.037037
0 0.678819 0.647266 0.038194 0.035273
0 0.126736 0.781305 0.038194 0.038801
0 0.099826 0.537919 0.039931 0.031746
0 0.06684 0.095238 0.029514 0.038801
0 0.62066 0.320106 0.036458 0.037037
2 0.236979 0.895062 0.026042 0.047619
2 0.505208 0.546737 0.045139 0.056437
2 0.773438 0.422399 0.057292 0.029982
