0 0.027336 0.198782 0.047620 0.043400
0 0.086420 0.213545 0.042328 0.038192
2 0.058200 0.797744 0.035272 0.060767
0 0.206348 0.558162 0.049384 0.043400
0 0.349208 0.447051 0.042328 0.046872
2 0.530864 0.447051 0.059964 0.032984
0 0.657848 0.450523 0.024692 0.043400
0 0.447972 0.230037 0.035272 0.046872
0 0.327160 0.038195 0.033508 0.038192
2 0.442680 0.650177 0.052912 0.050344
0 0.558200 0.585070 0.047620 0.041664
0 0.998236 0.523435 0.042328 0.043400
0 0.429452 0.101566 0.044092 0.050344
3 0.465608 0.081595 0.024692 0.038192
0 0.977956 0.296005 0.044092 0.039928
