2 0.018229 0.083774 0.057292 0.03351
0 0.583333 0.424162 0.038194 0.03351
0 0.59375 0.567019 0.038194 0.040564
0 0.540799 0.779541 0.039931 0.035273
0 0.805556 0.858025 0.045139 0.040564
0 0.492188 0.320106 0.036458 0.037037
0 0.596354 0.186067 0.036458 0.037037
0 0.585938 0.974427 0.036458 0.037037
2 0.666667 0.974427 0.048611 0.037037
1 0.746528 0.880071 0.03125 0.031746
0 0.600694 0.008818 0.038194 0.035273
0 0.486979 0.170194 0.036458 0.037037
2 0.394965 0.393298 0.032986 0.067019
0 0.661458 0.058201 0.045139 0.045855
