0 0.199296 0.209198 0.038800 0.036456
0 0.166668 0.351564 0.040564 0.043400
2 0.015872 0.464411 0.056436 0.036456
0 0.342152 0.282985 0.038800 0.034720
0 0.284832 0.282117 0.040564 0.043400
1 0.760140 0.521699 0.028220 0.032984
0 0.847444 0.496527 0.037036 0.031248
2 0.234568 0.967011 0.067020 0.045136
0 0.899472 0.884551 0.031748 0.039928
0 0.928572 0.861976 0.033508 0.039928
0 0.649028 0.765628 0.035272 0.034720
2 0.604056 0.806424 0.058200 0.043400
0 0.899472 0.751733 0.035272 0.038192
2 0.328924 0.962671 0.061728 0.032984
0 0.599648 0.151910 0.042328 0.032984
0 0.646384 0.163194 0.040564 0.034720
0 0.465608 0.118058 0.035272 0.034720
0 0.606700 0.259549 0.042328 0.032984
2 0.785716 0.066839 0.058200 0.029512
0 0.431216 0.812500 0.033508 0.038192
3 1.000000 0.611978 0.028220 0.026040
