1 0.28559 0.083774 0.039931 0.037037
2 0.078993 0.041446 0.050347 0.040564
2 0.814236 0.097002 0.083333 0.035273
2 0.791667 0.004409 0.055556 0.058201
1 0.595486 0.233686 0.038194 0.040564
1 0.731771 0.14903 0.039931 0.037037
1 0.776042 0.246032 0.041667 0.044092
1 0.709201 0.007937 0.036458 0.03351
2 0.078993 0.782187 0.029514 0.075838
2 0.097222 0.630511 0.045139 0.061728
2 0.396701 0.616402 0.032986 0.07231
2 0.447049 0.144621 0.029514 0.102293
2 0.907986 0.65873 0.048611 0.082892
1 0.723958 0.451499 0.038194 0.038801
1 0.121528 0.485891 0.034722 0.03351
1 0.717014 0.626102 0.041667 0.042328
1 0.426215 0.785714 0.039931 0.029982
1 0.351562 0.823633 0.032986 0.042328
1 0.228299 0.424162 0.043403 0.044092
2 0.672743 0.114638 0.046875 0.056437
2 0.68316 0.414462 0.032986 0.081129
