0 0.197049 0.027337 0.043403 0.047619
0 0.213542 0.088183 0.038194 0.042328
2 0.796875 0.058201 0.0625 0.035273
0 0.55816 0.206349 0.043403 0.049383
0 0.447049 0.35097 0.046875 0.042328
2 0.447049 0.531746 0.032986 0.058201
0 0.450521 0.657848 0.043403 0.024691
0 0.230035 0.448854 0.046875 0.03351
0 0.037326 0.328042 0.036458 0.031746
2 0.650174 0.443563 0.050347 0.054674
0 0.584201 0.558201 0.039931 0.047619
0 0.521701 0.997354 0.043403 0.040564
0 0.101562 0.429453 0.050347 0.044092
3 0.079861 0.465608 0.038194 0.024691
0 0.294271 0.978836 0.039931 0.042328
