2 0.062612 0.025176 0.037036 0.074655
2 0.115520 0.112844 0.082892 0.027776
2 0.009700 0.316838 0.079364 0.046872
2 0.549384 0.076388 0.082892 0.045136
2 0.565256 0.022572 0.079364 0.048608
2 0.038800 0.366321 0.088184 0.038192
2 0.126104 0.493056 0.082892 0.034720
2 0.157848 0.577259 0.082892 0.032984
2 0.274252 0.500000 0.075836 0.045136
2 0.078484 0.544268 0.065256 0.067711
2 0.240740 0.639755 0.065256 0.046872
2 0.308640 0.657115 0.077600 0.036456
2 0.336860 0.531248 0.038800 0.055559
2 0.382716 0.507812 0.038800 0.074655
2 0.431216 0.456600 0.065256 0.038192
2 0.462080 0.425345 0.077600 0.031248
2 0.073192 0.793405 0.089948 0.038192
2 0.264552 0.575523 0.084656 0.036456
2 0.403000 0.899308 0.047620 0.072919
2 0.293652 0.984372 0.068784 0.055559
2 0.465608 0.958332 0.074076 0.034720
2 0.536156 0.974824 0.077600 0.032984
2 0.484128 0.749998 0.082892 0.031248
3 0.464728 0.625867 0.029984 0.053816
2 0.510584 0.662323 0.079364 0.029512
2 0.410936 0.611111 0.074076 0.041664
2 0.523808 0.576391 0.081128 0.041664
2 0.635804 0.465280 0.082892 0.045136
2 0.557320 0.324650 0.081128 0.034720
2 0.491180 0.210935 0.082892 0.046872
2 0.810404 0.412325 0.079364 0.046872
2 0.796296 0.478300 0.068784 0.053816
2 0.540564 0.915800 0.072312 0.050344
3 0.603176 0.921876 0.042328 0.038192
2 0.753968 0.934028 0.075836 0.062503
2 0.776016 0.873261 0.067020 0.059031
2 0.891536 0.986976 0.097000 0.039928
2 0.246032 0.020836 0.068784 0.072919
2 0.972664 0.545136 0.054672 0.065975
2 0.995592 0.784725 0.079364 0.034720
2 0.995592 0.823785 0.068784 0.046872
2 0.854496 0.563371 0.065256 0.050344
1 0.142856 0.653643 0.042328 0.039928
1 0.133156 0.454864 0.047620 0.041664
1 0.241624 0.420137 0.042328 0.048608
1 0.073192 0.227434 0.037036 0.034720
1 0.418872 0.117184 0.047620 0.046872
1 0.239860 0.070312 0.045856 0.039928
1 0.828924 0.320310 0.045856 0.043400
1 0.611992 0.758678 0.035272 0.034720
1 0.168432 0.956596 0.051148 0.034720
1 0.912700 0.947916 0.040564 0.038192
1 0.753968 0.155383 0.040564 0.039928
1 0.803352 0.532116 0.047620 0.043400
1 0.895060 0.580731 0.040564 0.039928
