1 0.835097 0.005208 0.040564 0.041667
2 0.982363 0.1875 0.038801 0.065972
1 0.919753 0.101563 0.040564 0.039931
1 0.479718 0.239583 0.038801 0.041667
1 0.690476 0.375868 0.044092 0.043403
1 0.574074 0.759549 0.047619 0.043403
1 0.395062 0.403646 0.038801 0.032986
1 0.352734 0.385417 0.038801 0.041667
2 0.829806 0.765625 0.061728 0.065972
2 0.829806 0.636285 0.037037 0.067708
2 0.783951 0.65191 0.065256 0.046875
2 0.416226 0.672743 0.049383 0.043403
2 0.227513 0.592882 0.077601 0.057292
1 0.253086 0.663194 0.047619 0.045139
1 0.746914 0.989583 0.047619 0.038194
2 0.306878 0.962674 0.070547 0.036458
