0 0.223104 0.749997 0.040564 0.041664
0 0.191360 0.836804 0.033508 0.041664
0 0.259260 0.138022 0.035272 0.039928
0 0.393300 0.173610 0.038800 0.038192
0 0.367724 0.331600 0.037036 0.041664
0 0.416224 0.225697 0.042328 0.041664
2 0.596120 0.252605 0.038800 0.046872
2 0.985008 0.213545 0.029984 0.052080
2 0.913580 0.452259 0.052912 0.032984
2 0.529100 0.407984 0.035272 0.041664
0 0.486772 0.307289 0.042328 0.041664
0 0.552912 0.000871 0.033508 0.032984
0 0.753088 0.468751 0.031748 0.038192
2 0.855380 0.263021 0.028220 0.032984
2 0.756612 0.691841 0.024692 0.039928
3 0.837744 0.769100 0.028220 0.034720
2 0.471780 0.869795 0.029984 0.027776
3 0.620812 0.854164 0.035272 0.027776
3 0.000000 0.611978 0.028220 0.026040
0 0.455028 0.377604 0.035272 0.039928
0 0.434744 0.304685 0.033508 0.039928
3 0.444444 0.497395 0.028220 0.036456
3 0.068784 0.151042 0.049384 0.034720
3 0.311288 0.740449 0.033508 0.029512
0 0.067900 0.689237 0.033508 0.038192
1 0.237212 0.634546 0.022928 0.019096
2 0.964728 0.450523 0.049384 0.067711
