2 0.070548 0.138892 0.021164 0.038192
0 0.708112 0.971353 0.037036 0.046872
0 0.173720 0.863714 0.037036 0.029512
0 0.534392 0.959201 0.038800 0.029512
0 0.149912 0.216144 0.038800 0.039928
0 0.294532 0.227428 0.035272 0.034720
0 0.586420 0.047745 0.033508 0.032984
0 0.872136 0.783851 0.037036 0.032984
0 0.159612 0.318575 0.037036 0.036456
0 0.789240 0.199652 0.040564 0.031248
0 0.129628 0.982637 0.040564 0.041664
0 0.905644 0.292535 0.037036 0.036456
2 0.701940 0.299479 0.031748 0.067711
2 0.269840 0.611980 0.035272 0.057295
2 0.702820 0.125865 0.040564 0.053816
