2 0.509700 0.980032 0.052912 0.039928
2 0.415344 0.793405 0.061728 0.034720
2 0.412700 0.749130 0.049384 0.043400
2 0.574956 0.869789 0.038800 0.045136
1 0.217812 0.019968 0.040564 0.039928
2 0.582012 0.625867 0.045856 0.036456
2 0.557320 0.335066 0.035272 0.034720
2 0.666668 0.226566 0.045856 0.032984
2 0.773368 0.380209 0.029984 0.048608
3 0.653440 0.499132 0.040564 0.043400
0 0.601412 0.561635 0.031748 0.036456
0 0.461200 0.698786 0.040564 0.046872
3 0.328924 0.644963 0.037036 0.053816
1 0.217812 0.747394 0.033508 0.032984
3 0.234568 0.365453 0.049384 0.026040
