1 0.835096 0.994794 0.040564 0.041664
2 0.983244 0.813368 0.040564 0.064239
1 0.919752 0.898439 0.040564 0.039928
1 0.478836 0.760420 0.040564 0.041664
1 0.690476 0.625866 0.044092 0.043400
1 0.573192 0.240453 0.045856 0.043400
1 0.395060 0.597222 0.038800 0.034720
1 0.350972 0.616318 0.038800 0.041664
2 0.829804 0.234377 0.061728 0.065975
2 0.828924 0.364584 0.038800 0.065975
2 0.782188 0.348092 0.065256 0.046872
2 0.414464 0.327260 0.049384 0.043400
2 0.227512 0.408852 0.077600 0.057295
1 0.251324 0.336808 0.047620 0.045136
1 0.746032 0.009551 0.045856 0.039928
2 0.305116 0.038195 0.070548 0.038192
