3 0.837302 0.465154 0.008818 0.004712
2 0.211640 0.259549 0.007055 0.006200
2 0.679674 0.362971 0.009259 0.003720
3 0.648589 0.125992 0.011464 0.003472
2 0.878086 0.275918 0.007496 0.006200
3 0.952160 0.369172 0.011023 0.004712
3 0.632937 0.543155 0.007496 0.003472
3 0.935847 0.343006 0.008377 0.004960
2 0.482363 0.305556 0.005291 0.005456
2 0.811067 0.276910 0.011023 0.003720
3 0.818783 0.116071 0.007055 0.005456
2 0.719136 0.255332 0.008818 0.005704
2 0.366623 0.185764 0.006614 0.005952
2 0.897487 0.427455 0.007496 0.005704
2 0.569444 0.266245 0.008377 0.005208
2 0.546958 0.342262 0.007496 0.005456
3 0.770723 0.614211 0.010582 0.004216
0 0.861332 0.225818 0.010141 0.004712
0 0.741182 0.398189 0.008818 0.005704
2 0.563492 0.341022 0.008818 0.003968
0 0.383377 0.569072 0.011023 0.004216
2 0.171737 0.238963 0.009259 0.004712
3 0.287919 0.262897 0.007937 0.006448
2 0.848545 0.260913 0.006614 0.005952
2 0.641093 0.217882 0.009700 0.004712
3 0.767416 0.212054 0.008377 0.003472
3 0.526455 0.173611 0.007055 0.004960
2 0.671076 0.390501 0.006173 0.005208
2 0.624339 0.365823 0.008818 0.006944
2 0.905644 0.275298 0.007055 0.005952
2 0.826499 0.392237 0.009259 0.004216
2 0.772266 0.343626 0.010141 0.003720
3 0.975970 0.286086 0.011023 0.003720
2 0.846340 0.174727 0.008377 0.004712
2 0.520944 0.331597 0.005732 0.006448
2 0.704806 0.412450 0.008377 0.005952
2 0.257937 0.197669 0.008818 0.004464
2 0.525794 0.515377 0.008377 0.006944
3 0.783951 0.211806 0.007055 0.005456
3 0.776235 0.216890 0.006614 0.004216
2 0.642416 0.177579 0.007055 0.005952
0 0.616623 0.179688 0.009259 0.005208
0 0.458333 0.504216 0.006614 0.005952
0 0.812390 0.494544 0.009259 0.005952
0 0.489859 0.595362 0.010582 0.006200
0 0.562390 0.374752 0.009259 0.003968
0 0.583554 0.335565 0.008377 0.006448
0 0.326058 0.529514 0.011905 0.006448
0 0.797178 0.490947 0.008818 0.005704
0 0.322972 0.424479 0.009259 0.006696
0 0.417989 0.577629 0.008818 0.005456
0 0.459436 0.271329 0.010582 0.005952
0 0.349868 0.236235 0.007496 0.006200
0 0.500661 0.274926 0.010141 0.003224
0 0.813713 0.485739 0.010141 0.005208
0 0.667769 0.226811 0.010141 0.005208
0 0.556437 0.265501 0.008818 0.005704
0 0.858025 0.524430 0.008818 0.005704
0 0.895503 0.513765 0.010582 0.004712
0 0.865741 0.503224 0.008377 0.005456
0 0.547840 0.382564 0.008377 0.005208
0 0.608466 0.287698 0.009700 0.004464
0 0.625441 0.385045 0.008377 0.005704
0 0.140432 0.354787 0.009259 0.005704
0 0.579586 0.271453 0.010141 0.005208
0 0.497354 0.629464 0.007937 0.005952
0 0.639991 0.373264 0.010141 0.005952
0 0.542108 0.355779 0.008377 0.004712
0 0.518959 0.252852 0.009700 0.004216
0 0.456570 0.409102 0.009259 0.004216
0 0.674603 0.597470 0.009700 0.005456
0 0.546296 0.397569 0.008818 0.004464
0 0.377866 0.277158 0.007055 0.005208
0 0.566799 0.299231 0.010141 0.005208
0 0.653880 0.408854 0.007937 0.004712
0 0.647046 0.420511 0.008377 0.005208
0 0.749339 0.549975 0.009259 0.005208
0 0.541667 0.426959 0.008377 0.005704
0 0.589727 0.342634 0.010141 0.005704
0 0.537478 0.314236 0.007937 0.005952
0 0.914903 0.431672 0.010582 0.003720
0 0.158289 0.360243 0.008818 0.006200
0 0.366402 0.422743 0.009700 0.004216
0 0.510362 0.194568 0.009259 0.004712
0 0.681437 0.089410 0.009259 0.004216
0 0.462522 0.316592 0.009700 0.005704
0 0.426367 0.318204 0.008818 0.004960
0 0.353395 0.292535 0.008377 0.004712
0 0.776675 0.531374 0.011905 0.005704
0 0.277998 0.233259 0.009259 0.004712
0 0.281966 0.397693 0.009259 0.004712
0 0.780644 0.555928 0.009259 0.006696
0 0.234788 0.407242 0.010141 0.004960
0 0.879409 0.465774 0.010141 0.004960
0 0.505732 0.367063 0.010582 0.005952
0 0.716490 0.536334 0.009700 0.004712
0 0.341049 0.453497 0.011023 0.003224
0 0.412257 0.188864 0.008818 0.005704
0 0.445767 0.267733 0.009700 0.005704
0 0.613757 0.461310 0.007937 0.005456
0 0.460097 0.331225 0.009259 0.005208
0 0.769180 0.352059 0.009259 0.005704
0 0.384700 0.271701 0.007496 0.005704
0 0.574735 0.288070 0.011023 0.005704
0 0.274250 0.276166 0.009700 0.004216
0 0.506393 0.606771 0.010141 0.005704
0 0.350309 0.590154 0.009259 0.004712
0 0.523589 0.354415 0.006614 0.005952
0 0.677249 0.578497 0.009700 0.005704
0 0.597663 0.232763 0.009259 0.004712
0 0.508157 0.319940 0.008377 0.004960
0 0.806437 0.514261 0.008818 0.004216
0 0.604938 0.320809 0.009700 0.005704
0 0.302690 0.314236 0.010141 0.004464
0 0.326720 0.561260 0.008818 0.006448
0 0.510141 0.422743 0.010582 0.005208
0 0.154982 0.423611 0.010141 0.005456
0 0.467593 0.426091 0.010141 0.005952
0 0.273589 0.327505 0.009259 0.005208
0 0.740961 0.477803 0.009259 0.005208
0 0.509921 0.511037 0.009259 0.005704
0 0.394841 0.470982 0.010141 0.005456
0 0.488536 0.430184 0.007937 0.004216
0 0.830688 0.539435 0.010582 0.005952
0 0.297840 0.528522 0.009259 0.006944
0 0.403219 0.464658 0.011023 0.004216
0 0.330247 0.197049 0.009700 0.005208
0 0.496473 0.499504 0.010582 0.006944
2 0.260802 0.580853 0.014550 0.005952
2 0.564594 0.171379 0.011023 0.006944
2 0.737434 0.507192 0.004850 0.009921
2 0.378748 0.528274 0.010582 0.007440
2 0.644621 0.481399 0.005291 0.007937
2 0.334436 0.548363 0.011023 0.007937
2 0.354718 0.519345 0.009259 0.007937
2 0.509700 0.247024 0.007937 0.006448
2 0.474206 0.251984 0.011905 0.003968
2 0.736111 0.527282 0.013668 0.006944
2 0.652998 0.244792 0.012346 0.006448
2 0.324515 0.328497 0.007937 0.009673
2 0.203483 0.528522 0.011023 0.007937
2 0.285273 0.530382 0.016755 0.003720
2 0.709436 0.387277 0.012346 0.005704
2 0.527778 0.638269 0.008818 0.008681
2 0.410273 0.512401 0.011905 0.007440
2 0.102734 0.459821 0.014991 0.005952
2 0.162257 0.555680 0.016755 0.003720
2 0.233466 0.238467 0.012787 0.004216
2 0.423280 0.502232 0.010582 0.007937
2 0.255952 0.518477 0.010141 0.008681
2 0.884259 0.552331 0.010141 0.006944
2 0.432540 0.373140 0.008818 0.008185
2 0.657628 0.262029 0.015432 0.008185
2 0.281305 0.510913 0.008818 0.010417
2 0.244709 0.534350 0.014109 0.005208
2 0.188272 0.374256 0.013228 0.006944
2 0.324295 0.303695 0.010141 0.007688
2 0.668651 0.264757 0.009259 0.005704
2 0.387125 0.213542 0.014109 0.006448
2 0.570547 0.471850 0.010582 0.008185
2 0.260582 0.453001 0.013228 0.004712
2 0.397266 0.520461 0.006173 0.009177
2 0.536155 0.656622 0.007055 0.008185
2 0.655864 0.392237 0.011023 0.003224
2 0.504409 0.296007 0.007937 0.008185
2 0.673721 0.525546 0.010582 0.007937
2 0.355820 0.175347 0.007055 0.007937
2 0.648369 0.336806 0.010141 0.006448
1 0.529541 0.337426 0.007055 0.004712
1 0.594136 0.312376 0.008377 0.004216
1 0.565697 0.126612 0.007937 0.005208
2 0.723545 0.293403 0.010582 0.002480
2 0.693783 0.297743 0.008377 0.004712
2 0.643298 0.310144 0.010582 0.003224
