2 0.348986 0.519717 0.006614 0.005208
2 0.607143 0.289931 0.008818 0.003472
2 0.676808 0.675223 0.006173 0.005704
2 0.315256 0.495040 0.007937 0.005456
2 0.271605 0.615947 0.008818 0.003720
3 0.275794 0.527406 0.007496 0.004712
2 0.506834 0.458953 0.010141 0.002728
2 0.432319 0.201885 0.006614 0.004960
2 0.706570 0.322421 0.009259 0.003472
2 0.730820 0.564112 0.008377 0.003224
2 0.706349 0.432044 0.007937 0.003472
2 0.573633 0.518105 0.008818 0.004464
2 0.319885 0.534102 0.006614 0.004712
2 0.224868 0.391121 0.009700 0.003472
2 0.661596 0.299851 0.008377 0.004960
2 0.201058 0.399430 0.006173 0.004712
2 0.514771 0.611979 0.009259 0.004712
2 0.637566 0.228299 0.007055 0.004216
3 0.477293 0.418899 0.006614 0.004464
2 0.619709 0.308780 0.005732 0.005456
3 0.184083 0.268353 0.009259 0.002480
3 0.567681 0.685516 0.009259 0.003472
2 0.108686 0.425595 0.004850 0.004960
2 0.333774 0.293651 0.010582 0.003472
2 0.191358 0.319444 0.008818 0.003472
3 0.408289 0.391121 0.010582 0.002976
2 0.664462 0.567088 0.008818 0.002728
2 0.409832 0.223586 0.006614 0.004712
2 0.694004 0.405382 0.007937 0.004216
2 0.509700 0.398686 0.005291 0.005704
3 0.531305 0.427579 0.008818 0.002480
2 0.273810 0.278646 0.007937 0.005208
3 0.251543 0.465030 0.007496 0.003472
2 0.165123 0.474082 0.008377 0.003720
2 0.426808 0.441344 0.008818 0.002728
2 0.142637 0.293651 0.009259 0.003472
2 0.164683 0.464410 0.008377 0.003720
2 0.712302 0.493428 0.010141 0.003720
2 0.679453 0.468006 0.009700 0.003968
2 0.298501 0.321181 0.010582 0.002976
2 0.662698 0.252108 0.005291 0.005704
2 0.667328 0.509301 0.009259 0.004712
2 0.356261 0.602555 0.009700 0.004216
2 0.938272 0.499380 0.007055 0.005208
2 0.339727 0.245040 0.006614 0.005456
2 0.694665 0.442584 0.007496 0.003720
2 0.643078 0.593874 0.009259 0.003720
3 0.264109 0.335317 0.009700 0.002976
2 0.589727 0.208333 0.009259 0.003968
2 0.608466 0.649306 0.009700 0.002480
2 0.616402 0.539559 0.007937 0.004216
2 0.736993 0.391617 0.007496 0.005456
2 0.885362 0.607763 0.008818 0.004216
2 0.596781 0.352803 0.010141 0.004712
2 0.688272 0.454737 0.009700 0.003224
2 0.764550 0.467882 0.007937 0.003720
2 0.446208 0.270461 0.009700 0.003720
2 0.607584 0.260789 0.008818 0.004216
2 0.717152 0.578497 0.009259 0.003720
2 0.484788 0.544023 0.009259 0.004216
2 0.070547 0.414931 0.009700 0.004960
2 0.258598 0.402902 0.009259 0.003720
3 0.137346 0.361483 0.006614 0.003720
2 0.744048 0.282118 0.006614 0.004216
3 0.373898 0.217510 0.006173 0.003472
2 0.816138 0.633309 0.008818 0.003720
2 0.214506 0.445188 0.009259 0.003472
2 0.563051 0.293031 0.007055 0.005704
2 0.842372 0.356151 0.009259 0.003472
2 0.529762 0.614459 0.008377 0.004216
3 0.652998 0.466022 0.005291 0.002976
2 0.699956 0.574405 0.009259 0.002480
2 0.687169 0.577133 0.007496 0.003472
2 0.715168 0.380208 0.009700 0.003472
2 0.273810 0.414683 0.009700 0.002480
2 0.542989 0.334573 0.004850 0.005456
2 0.655203 0.319692 0.006173 0.005456
2 0.803571 0.611483 0.008377 0.004216
2 0.800485 0.589658 0.007496 0.003720
3 0.319444 0.265377 0.007496 0.003472
2 0.527778 0.227059 0.007055 0.005208
2 0.758377 0.611483 0.005291 0.003720
2 0.399912 0.211930 0.006173 0.005704
2 0.809744 0.380208 0.010141 0.003472
3 0.328042 0.302703 0.006173 0.005208
2 0.708333 0.610615 0.009259 0.003472
2 0.761464 0.543279 0.008818 0.002728
2 0.435847 0.538814 0.006614 0.004712
2 0.728175 0.451637 0.006614 0.004960
2 0.712081 0.339534 0.005291 0.005456
2 0.159392 0.365327 0.012787 0.005952
2 0.491843 0.736607 0.012787 0.003472
2 0.632937 0.274058 0.012787 0.003472
2 0.722884 0.301339 0.011905 0.006448
2 0.598104 0.505704 0.006614 0.007937
2 0.699735 0.755456 0.014109 0.002976
2 0.733466 0.319940 0.012787 0.002480
2 0.514991 0.560144 0.007055 0.004712
2 0.082011 0.335689 0.006173 0.008185
2 0.799162 0.632812 0.006614 0.005704
2 0.537919 0.548735 0.013228 0.003224
2 0.463845 0.690600 0.013228 0.006200
2 0.813713 0.417411 0.008377 0.005952
2 0.599206 0.678199 0.007937 0.005704
2 0.689594 0.610119 0.006173 0.007937
2 0.679453 0.683036 0.014109 0.002976
2 0.562831 0.340278 0.006614 0.006944
2 0.560185 0.490823 0.010141 0.006448
2 0.529762 0.367560 0.012787 0.002480
2 0.292328 0.351562 0.005291 0.008185
2 0.233025 0.474826 0.013668 0.004216
2 0.285494 0.455605 0.010141 0.002976
2 0.629189 0.317212 0.007937 0.006448
2 0.556217 0.400298 0.009259 0.006944
2 0.727072 0.634301 0.015873 0.002232
2 0.167328 0.406126 0.012787 0.005704
2 0.804674 0.581845 0.007937 0.006944
2 0.410714 0.343254 0.014550 0.002480
2 0.755511 0.717138 0.011023 0.005208
2 0.627866 0.567832 0.014109 0.005208
2 0.777116 0.295511 0.012787 0.003720
2 0.822310 0.663070 0.010582 0.003720
2 0.728836 0.754836 0.009700 0.004712
2 0.367945 0.778770 0.004850 0.007440
2 0.606702 0.317336 0.010582 0.005208
2 0.182981 0.588914 0.014991 0.004216
2 0.467593 0.357391 0.010141 0.003472
2 0.121032 0.421999 0.013668 0.002728
2 0.549603 0.749132 0.008377 0.008185
2 0.067240 0.448165 0.011023 0.005952
2 0.476852 0.504092 0.014550 0.003720
2 0.492063 0.743428 0.013228 0.003720
2 0.456349 0.427455 0.009700 0.003224
2 0.273148 0.365327 0.010141 0.005952
0 0.378307 0.526414 0.009700 0.004712
0 0.574515 0.631448 0.009700 0.004464
0 0.315917 0.525794 0.010141 0.005952
0 0.346781 0.752852 0.008377 0.005704
0 0.616623 0.760293 0.009259 0.004712
0 0.891093 0.445188 0.008818 0.004960
0 0.395944 0.520957 0.009700 0.004216
0 0.422399 0.773438 0.007937 0.005704
0 0.491402 0.605035 0.009259 0.004216
0 0.490961 0.358507 0.008377 0.004712
0 0.262566 0.495908 0.006614 0.005208
0 0.905203 0.459573 0.008818 0.005456
0 0.397046 0.736979 0.008377 0.005208
0 0.216711 0.636037 0.010141 0.005208
0 0.453263 0.682788 0.008818 0.003472
0 0.741402 0.499876 0.009259 0.005208
0 0.196649 0.568948 0.010582 0.003968
0 0.893739 0.481647 0.008818 0.005952
0 0.733245 0.492312 0.008818 0.005952
0 0.173942 0.494172 0.008377 0.005704
0 0.328704 0.544271 0.010141 0.004712
0 0.545635 0.501364 0.009259 0.004712
0 0.229056 0.674479 0.008377 0.004216
0 0.686728 0.413070 0.009259 0.004216
0 0.597663 0.775174 0.010141 0.005208
0 0.493827 0.569568 0.009700 0.004216
0 0.294092 0.667163 0.009700 0.004960
0 0.494489 0.784350 0.009259 0.004712
0 0.828924 0.514137 0.008818 0.004464
0 0.343034 0.546503 0.008818 0.004712
0 0.171958 0.597718 0.009700 0.005456
0 0.573413 0.712922 0.008377 0.004216
0 0.216270 0.515005 0.010141 0.005208
0 0.587743 0.764261 0.008818 0.004216
0 0.511684 0.376240 0.011023 0.005952
0 0.437610 0.586434 0.009259 0.005208
0 0.359568 0.760541 0.011023 0.005704
0 0.612875 0.668155 0.007055 0.005456
0 0.779762 0.702257 0.010141 0.004216
0 0.745370 0.520089 0.010141 0.004960
0 0.470459 0.748388 0.008818 0.005704
0 0.413360 0.560640 0.010141 0.004216
0 0.145944 0.428199 0.009700 0.004712
1 0.593474 0.535590 0.008818 0.004216
1 0.495370 0.215402 0.004850 0.003224
1 0.683201 0.366071 0.006614 0.003968
1 0.601852 0.732887 0.006173 0.003968
1 0.501984 0.288814 0.009259 0.004712
1 0.659392 0.548735 0.006614 0.003224
1 0.509039 0.773065 0.010141 0.005456
2 0.631173 0.587426 0.009259 0.003720
2 0.822090 0.538070 0.009259 0.003720
2 0.855600 0.546627 0.007496 0.004464
1 0.612654 0.442708 0.008377 0.003968
