3 0.126764 0.155258 0.016314 0.006448
2 0.740741 0.086186 0.024691 0.007688
2 0.546958 0.142609 0.019841 0.010417
3 0.630952 0.206473 0.016755 0.009177
0 0.832892 0.239707 0.012346 0.008185
2 0.909392 0.279390 0.024250 0.006200
0 0.770723 0.198909 0.014991 0.006448
2 0.783951 0.210193 0.013228 0.006696
2 0.710758 0.273562 0.015873 0.007440
2 0.673942 0.299107 0.017196 0.005952
2 0.631393 0.241691 0.010582 0.009673
2 0.587963 0.256944 0.010141 0.010417
0 0.595459 0.280630 0.013668 0.006200
2 0.554453 0.285094 0.013668 0.006696
2 0.569885 0.320685 0.023369 0.005456
2 0.552469 0.229415 0.013228 0.010417
2 0.511684 0.210441 0.011023 0.010665
2 0.384700 0.192584 0.009259 0.010169
2 0.506834 0.229043 0.014550 0.007192
2 0.462963 0.240327 0.011464 0.013393
2 0.415123 0.233879 0.014550 0.008433
2 0.388007 0.234871 0.020282 0.006448
2 0.356702 0.228795 0.017637 0.008681
0 0.365520 0.266369 0.013228 0.006448
2 0.447751 0.278646 0.016314 0.007688
2 0.206129 0.246404 0.018959 0.008681
2 0.291226 0.269345 0.012787 0.009425
0 0.081349 0.308160 0.018959 0.006200
2 0.101190 0.352927 0.015432 0.009921
2 0.080026 0.379464 0.012787 0.011409
2 0.106041 0.381200 0.011023 0.009921
2 0.045855 0.383557 0.011464 0.009673
2 0.195106 0.375124 0.014550 0.010665
0 0.212081 0.372892 0.011464 0.006696
0 0.267196 0.403398 0.014109 0.007688
0 0.402778 0.405878 0.011905 0.007192
0 0.386464 0.396329 0.012787 0.008433
2 0.468695 0.378968 0.013228 0.007440
2 0.394621 0.302579 0.012346 0.010913
2 0.323854 0.302579 0.016314 0.007937
2 0.326499 0.319072 0.011905 0.009673
2 0.297619 0.352555 0.024691 0.008681
2 0.262125 0.385789 0.018959 0.008185
2 0.175044 0.345114 0.015873 0.011161
2 0.194444 0.345858 0.009700 0.012153
2 0.142637 0.373140 0.013668 0.012649
2 0.168210 0.376984 0.018078 0.007937
0 0.134039 0.410962 0.013228 0.008433
2 0.198854 0.413814 0.025573 0.005704
2 0.248457 0.417907 0.017196 0.005952
2 0.407848 0.335813 0.014991 0.008929
2 0.469797 0.329117 0.016314 0.006944
2 0.474868 0.312128 0.017637 0.006696
0 0.492725 0.333953 0.012787 0.007688
2 0.437169 0.345238 0.010141 0.009425
2 0.442681 0.375496 0.010582 0.008929
0 0.517637 0.397817 0.016755 0.006944
2 0.448854 0.400050 0.012346 0.010417
0 0.455247 0.415923 0.018078 0.006448
2 0.426367 0.415799 0.021164 0.008185
2 0.085979 0.409102 0.013228 0.011161
2 0.203704 0.457713 0.014109 0.010665
2 0.316578 0.475322 0.009700 0.011657
1 0.279321 0.530630 0.012787 0.007688
0 0.500661 0.507316 0.013668 0.007688
2 0.245591 0.515377 0.014991 0.011409
2 0.195106 0.531002 0.017196 0.009425
2 0.221781 0.551959 0.011464 0.011657
2 0.359568 0.493304 0.019841 0.006448
2 0.433642 0.467634 0.017196 0.011161
2 0.435185 0.453001 0.008818 0.009673
2 0.413360 0.445561 0.012787 0.009673
2 0.552469 0.462054 0.018519 0.007440
0 0.444444 0.490699 0.013228 0.008681
2 0.467152 0.514757 0.010141 0.011161
2 0.416446 0.545015 0.013668 0.008681
0 0.436287 0.560888 0.018959 0.007192
0 0.394180 0.558532 0.015873 0.009425
0 0.544312 0.536830 0.013668 0.007192
0 0.582672 0.600570 0.014550 0.010169
2 0.611993 0.618428 0.019400 0.009673
2 0.763007 0.801835 0.022487 0.010913
2 0.671737 0.731895 0.013668 0.014385
2 0.766314 0.746032 0.015873 0.016369
2 0.696208 0.603175 0.011464 0.009425
2 0.651896 0.576017 0.016314 0.006696
0 0.819224 0.524678 0.008818 0.007192
0 0.641755 0.500000 0.012787 0.006944
2 0.763007 0.458829 0.015432 0.013393
0 0.645062 0.458953 0.015873 0.008185
2 0.638448 0.382068 0.015873 0.010665
2 0.647046 0.368800 0.014550 0.007440
