2 0.652557 0.507937 0.014109 0.003968
2 0.645944 0.441592 0.007937 0.005704
2 0.557760 0.462302 0.012346 0.004464
2 0.421517 0.321677 0.014991 0.004960
2 0.270723 0.431052 0.007937 0.008433
2 0.298280 0.418775 0.015432 0.005208
0 0.309083 0.422743 0.008818 0.005704
0 0.325838 0.391369 0.009700 0.005456
2 0.299603 0.376116 0.011023 0.008185
0 0.355820 0.511905 0.007937 0.005456
0 0.391314 0.513517 0.010141 0.005704
0 0.444665 0.506076 0.009259 0.005704
0 0.464506 0.543651 0.010141 0.006448
0 0.299824 0.601314 0.009700 0.005208
0 0.291667 0.621652 0.010141 0.006200
2 0.248677 0.593998 0.014109 0.005456
0 0.329806 0.499008 0.009700 0.005456
0 0.296076 0.513889 0.009259 0.005456
0 0.247354 0.542039 0.010582 0.005704
2 0.176367 0.531250 0.015873 0.005456
2 0.249780 0.607391 0.013668 0.006448
2 0.253968 0.637773 0.014109 0.005208
0 0.335538 0.611855 0.009700 0.004960
0 0.321208 0.611731 0.010141 0.006200
1 0.440035 0.645957 0.007055 0.004712
0 0.461861 0.642361 0.009259 0.004464
2 0.221120 0.659102 0.016314 0.005704
2 0.248016 0.668899 0.014550 0.006448
2 0.225970 0.672619 0.010141 0.007937
2 0.308642 0.709573 0.016755 0.006448
2 0.370591 0.767733 0.007496 0.007688
0 0.521164 0.789187 0.010582 0.005456
0 0.486993 0.727183 0.009259 0.004960
0 0.474868 0.697793 0.007937 0.005704
0 0.482143 0.694568 0.008377 0.005704
0 0.412257 0.680804 0.008818 0.004960
2 0.401014 0.686632 0.014550 0.006200
0 0.555776 0.678571 0.010141 0.005952
0 0.547840 0.690972 0.008377 0.005952
0 0.564815 0.591146 0.008818 0.005704
0 0.598325 0.596230 0.009700 0.005456
0 0.591931 0.618800 0.009259 0.005952
0 0.604056 0.603671 0.010582 0.005952
2 0.649030 0.607515 0.009700 0.006696
0 0.493166 0.512277 0.009259 0.005208
2 0.493166 0.523810 0.009259 0.006944
0 0.521164 0.503720 0.007937 0.005952
0 0.576940 0.505952 0.008377 0.005456
0 0.587743 0.497892 0.009700 0.005704
0 0.545194 0.465154 0.008377 0.005704
0 0.532187 0.475198 0.008818 0.005456
0 0.524691 0.472594 0.007937 0.005704
0 0.637346 0.498636 0.009259 0.005208
0 0.619709 0.519221 0.008377 0.005704
2 0.827822 0.486483 0.012787 0.004216
2 0.798501 0.460069 0.008818 0.007440
2 0.802910 0.453125 0.010582 0.003472
2 0.917769 0.462550 0.008377 0.006448
2 0.938713 0.519965 0.013228 0.004216
2 0.927469 0.559276 0.007496 0.007440
2 0.926146 0.540799 0.011905 0.005704
2 0.798501 0.556300 0.011464 0.006448
2 0.746252 0.601935 0.007496 0.007440
2 0.759039 0.618304 0.009259 0.006944
2 0.793651 0.639385 0.010582 0.006944
2 0.728395 0.636037 0.013228 0.004712
2 0.632275 0.629712 0.008818 0.005952
0 0.621693 0.615327 0.010582 0.005952
2 0.616182 0.743304 0.013668 0.004960
2 0.738536 0.714782 0.007055 0.008433
2 0.442681 0.802455 0.007937 0.009177
0 0.474868 0.678819 0.008818 0.005456
0 0.638228 0.571553 0.008377 0.004712
0 0.608025 0.530134 0.009700 0.004712
0 0.660273 0.465030 0.009259 0.005456
2 0.862654 0.395461 0.011023 0.005208
2 0.859788 0.377108 0.010582 0.005704
2 0.841931 0.368924 0.008377 0.008185
2 0.792769 0.363095 0.008818 0.005952
2 0.891534 0.504092 0.012346 0.003224
2 0.877425 0.638269 0.011464 0.006200
2 0.846120 0.637153 0.010582 0.006448
2 0.783069 0.414062 0.006173 0.008681
0 0.635141 0.412326 0.010141 0.005704
0 0.596561 0.450273 0.007937 0.005704
0 0.528439 0.435764 0.011023 0.005952
1 0.469797 0.535466 0.007496 0.004464
2 0.742284 0.326141 0.011023 0.003968
2 0.734127 0.334077 0.009700 0.005456
2 0.717372 0.323661 0.014109 0.005456
2 0.732143 0.350942 0.011023 0.005952
2 0.726852 0.361483 0.007496 0.007688
0 0.690697 0.344494 0.010141 0.005456
2 0.642196 0.311384 0.006614 0.008681
1 0.624118 0.302703 0.006614 0.002728
0 0.787919 0.339534 0.007055 0.003968
2 0.950397 0.509177 0.012787 0.004960
0 0.546737 0.787450 0.007937 0.004960
0 0.501984 0.765873 0.007496 0.004960
3 0.438272 0.758805 0.009700 0.003720
3 0.435406 0.774058 0.006614 0.005456
2 0.332231 0.708953 0.015432 0.004712
0 0.399912 0.593130 0.010582 0.004712
0 0.411596 0.594742 0.010141 0.004960
0 0.366402 0.588294 0.008818 0.004960
0 0.401675 0.608507 0.010582 0.004712
2 0.446429 0.580977 0.014550 0.004216
2 0.936508 0.464782 0.007937 0.004464
2 0.696429 0.505456 0.006614 0.004960
0 0.707672 0.500248 0.006173 0.005456
2 0.724206 0.507068 0.008377 0.004712
0 0.740079 0.479787 0.009259 0.003720
2 0.745370 0.493180 0.009259 0.003720
3 0.795414 0.510169 0.007937 0.004960
2 0.807099 0.513517 0.009259 0.004712
2 0.699515 0.429067 0.007496 0.004960
2 0.725970 0.448537 0.008377 0.004216
2 0.710097 0.456721 0.008377 0.003720
2 0.683642 0.428819 0.010141 0.003968
2 0.863095 0.514633 0.007496 0.003968
2 0.802028 0.543651 0.007055 0.005952
2 0.844136 0.616815 0.005732 0.004960
2 0.863095 0.627852 0.009259 0.003720
3 0.775794 0.624752 0.005732 0.004960
2 0.833554 0.630456 0.006614 0.005456
0 0.688272 0.638393 0.007937 0.005456
2 0.713845 0.609003 0.007055 0.004712
2 0.689153 0.670263 0.006173 0.005704
3 0.709436 0.681300 0.007055 0.004960
2 0.617945 0.695685 0.007496 0.003968
3 0.655203 0.693452 0.008818 0.003968
2 0.641314 0.777654 0.007496 0.004712
2 0.530864 0.799355 0.007937 0.005456
0 0.357804 0.687500 0.008377 0.005456
0 0.251984 0.514509 0.009259 0.005704
0 0.292108 0.498264 0.009259 0.005456
0 0.532187 0.442708 0.008818 0.005456
0 0.559303 0.399058 0.007496 0.005456
0 0.522487 0.395585 0.007937 0.005952
1 0.534171 0.373264 0.004850 0.002480
2 0.788580 0.350942 0.011023 0.003968
2 0.803351 0.550595 0.007055 0.004464
2 0.912257 0.581473 0.007937 0.005208
2 0.902778 0.566344 0.007496 0.004216
2 0.953263 0.528770 0.007937 0.003472
3 0.923060 0.533854 0.007496 0.010665
2 0.829145 0.500496 0.005732 0.004960
3 0.857804 0.505828 0.008377 0.003720
3 0.500000 0.658854 0.007055 0.003720
0 0.566799 0.495288 0.009259 0.005456
2 0.661376 0.340278 0.007937 0.004960
2 0.855820 0.372024 0.010582 0.005456
2 0.882055 0.406498 0.008377 0.005456
3 0.857143 0.366815 0.004409 0.004960
0 0.792549 0.446305 0.009259 0.003720
0 0.613757 0.625372 0.008818 0.005704
0 0.608686 0.614955 0.008377 0.005704
3 0.611111 0.642485 0.007055 0.005208
2 0.809083 0.437748 0.008818 0.004464
2 0.912698 0.450893 0.009700 0.002976
2 0.347884 0.485119 0.016755 0.004960
3 0.517196 0.593006 0.012346 0.004960
2 0.539903 0.775546 0.006614 0.004960
2 0.555115 0.736111 0.006173 0.005456
3 0.546296 0.723462 0.006173 0.005952
2 0.698854 0.745412 0.008818 0.004216
3 0.577822 0.677207 0.008377 0.004216
0 0.516975 0.669891 0.008377 0.005456
1 0.559303 0.662078 0.005732 0.002728
2 0.741182 0.635789 0.012346 0.009673
2 0.643739 0.518229 0.009700 0.003224
3 0.671737 0.338294 0.009259 0.003968
3 0.808862 0.476190 0.006614 0.003968
3 0.888007 0.456597 0.008818 0.004464
2 0.849206 0.535962 0.010582 0.003472
3 0.817460 0.508433 0.007937 0.003472
0 0.896605 0.570933 0.007496 0.005456
3 0.799824 0.700893 0.007055 0.004464
2 0.840168 0.691964 0.009259 0.003472
3 0.817240 0.678695 0.010141 0.004216
0 0.264550 0.523313 0.011464 0.006448
1 0.534612 0.375992 0.005732 0.002976
