1 0.027557 0.576637 0.011023 0.005952
1 0.060406 0.553447 0.011464 0.005704
1 0.003968 0.652282 0.007055 0.005456
1 0.210758 0.662202 0.009700 0.004960
1 0.202601 0.719494 0.010141 0.005456
1 0.291226 0.713542 0.010141 0.005952
2 0.238977 0.770709 0.007055 0.010169
2 0.140653 0.390749 0.007937 0.013145
2 0.177690 0.428075 0.008818 0.011409
1 0.208995 0.447669 0.009700 0.005456
2 0.186728 0.473338 0.009259 0.013641
2 0.215168 0.466022 0.020282 0.010417
2 0.200838 0.519717 0.015432 0.007192
2 0.311508 0.516989 0.017196 0.006200
2 0.234127 0.515501 0.011464 0.009673
1 0.209436 0.505456 0.009700 0.004960
1 0.220459 0.596602 0.008818 0.005208
1 0.227734 0.599950 0.010141 0.004960
1 0.167769 0.628968 0.011023 0.005456
1 0.269180 0.542907 0.009259 0.005456
1 0.339065 0.508433 0.010582 0.005952
2 0.079145 0.699901 0.016314 0.012897
1 0.231261 0.684772 0.011023 0.006448
2 0.254189 0.687624 0.010141 0.009177
1 0.270062 0.699777 0.010141 0.005704
1 0.380291 0.680060 0.010141 0.005952
1 0.327381 0.660838 0.011023 0.006200
2 0.172840 0.521329 0.014109 0.007440
1 0.122134 0.557168 0.009700 0.005704
1 0.484788 0.541295 0.010141 0.006200
1 0.520944 0.530754 0.009259 0.005952
2 0.510802 0.560268 0.010141 0.007440
1 0.524250 0.584077 0.010582 0.005952
2 0.208554 0.584325 0.017637 0.004464
1 0.173942 0.576885 0.011023 0.005952
1 0.138668 0.568948 0.009259 0.005456
1 0.356702 0.605779 0.011464 0.006200
1 0.401235 0.656746 0.009700 0.004960
1 0.412257 0.659474 0.009700 0.005952
1 0.121032 0.447669 0.005732 0.003472
2 0.267416 0.461930 0.020723 0.004216
3 0.345238 0.424975 0.007937 0.006200
2 0.338404 0.379588 0.018959 0.004216
2 0.524471 0.455357 0.009259 0.011905
2 0.500882 0.458581 0.014991 0.007937
2 0.281746 0.551215 0.015873 0.007192
2 0.292769 0.547991 0.008818 0.007688
2 0.363095 0.567832 0.009259 0.009177
2 0.292549 0.604911 0.015432 0.009425
2 0.292769 0.623512 0.009700 0.009425
2 0.304453 0.621156 0.016314 0.006696
2 0.396384 0.618180 0.012346 0.006200
2 0.443122 0.629836 0.019400 0.008185
1 0.437169 0.619544 0.011905 0.006448
1 0.514109 0.649802 0.008818 0.004464
1 0.517416 0.640005 0.011023 0.006200
1 0.580026 0.642237 0.010141 0.005704
1 0.545635 0.628596 0.011023 0.006696
1 0.431658 0.491319 0.009700 0.005456
1 0.558862 0.486483 0.010141 0.005704
1 0.537478 0.467014 0.009700 0.005952
1 0.561508 0.460813 0.011023 0.005952
1 0.501984 0.470238 0.009259 0.005456
1 0.484127 0.459449 0.010582 0.006200
1 0.313492 0.572793 0.011464 0.005704
1 0.472884 0.559028 0.009259 0.005952
1 0.589065 0.696677 0.008818 0.004960
1 0.635802 0.679936 0.010582 0.005704
2 0.641314 0.673859 0.020723 0.004464
2 0.664683 0.581101 0.013668 0.008433
2 0.695767 0.560144 0.018519 0.004216
2 0.522487 0.622024 0.009700 0.009921
2 0.657628 0.557540 0.015432 0.006448
2 0.654101 0.514881 0.018078 0.004960
2 0.536596 0.507812 0.025573 0.004216
2 0.665123 0.441964 0.020723 0.006944
1 0.397046 0.443080 0.009259 0.005208
1 0.360891 0.406498 0.009259 0.005456
1 0.364859 0.399306 0.011905 0.006448
1 0.612875 0.468130 0.009700 0.005704
1 0.755291 0.445561 0.010582 0.005704
1 0.801146 0.445685 0.009700 0.005456
1 0.807760 0.479043 0.009700 0.005208
1 0.621693 0.554315 0.008818 0.004960
1 0.685847 0.589410 0.009259 0.005208
1 0.708774 0.609251 0.010141 0.005208
1 0.298942 0.431176 0.009700 0.006200
1 0.320988 0.427827 0.010582 0.005456
1 0.362434 0.460565 0.010582 0.005952
1 0.461420 0.419271 0.010141 0.006696
1 0.656966 0.469122 0.010582 0.006200
1 0.696649 0.510541 0.007055 0.005704
1 0.706349 0.521453 0.010582 0.004712
1 0.838404 0.460565 0.010141 0.005456
1 0.529101 0.389633 0.010582 0.005952
2 0.863757 0.528770 0.014109 0.005456
2 0.209215 0.561136 0.009259 0.005704
2 0.214506 0.427083 0.015432 0.005952
3 0.423721 0.407242 0.007937 0.004464
3 0.498457 0.420635 0.010141 0.002480
2 0.423721 0.576885 0.017637 0.005456
1 0.606041 0.539062 0.011023 0.006200
2 0.701940 0.614831 0.014991 0.003472
2 0.945326 0.537078 0.014991 0.005704
1 0.936067 0.477307 0.007937 0.005208
2 0.871473 0.449529 0.009259 0.011161
2 0.899250 0.403770 0.007496 0.011905
1 0.213624 0.568948 0.009259 0.004960
1 0.157187 0.559648 0.012787 0.006200
3 0.316799 0.415055 0.010141 0.003720
2 0.528880 0.475570 0.014550 0.006696
2 0.604056 0.474082 0.020282 0.004712
3 0.492725 0.408110 0.007496 0.003720
1 0.212522 0.421255 0.010582 0.005704
1 0.393519 0.534598 0.010141 0.004712
