3 0.175843 0.591049 0.005952 0.007496
2 0.186012 0.649471 0.008929 0.008818
2 0.230407 0.728395 0.005456 0.015873
2 0.205233 0.695547 0.008185 0.006614
0 0.232763 0.649691 0.005704 0.009259
2 0.242684 0.675485 0.007192 0.014991
2 0.294147 0.623898 0.008433 0.010582
2 0.323785 0.574074 0.008681 0.011464
1 0.391245 0.625441 0.004216 0.007496
2 0.356771 0.563272 0.005704 0.010141
2 0.290179 0.496914 0.007440 0.007055
3 0.304067 0.456790 0.004960 0.007055
2 0.300347 0.477513 0.006944 0.013228
2 0.329489 0.656305 0.008185 0.014550
2 0.332341 0.685185 0.006448 0.011464
0 0.383309 0.664242 0.005704 0.011023
2 0.375372 0.658510 0.006696 0.014550
2 0.265005 0.842593 0.005704 0.014109
2 0.359747 0.710758 0.008185 0.014109
2 0.414435 0.695326 0.004464 0.012346
2 0.316468 0.410935 0.005952 0.007055
2 0.387897 0.619929 0.007937 0.007937
2 0.281622 0.873898 0.004712 0.011464
2 0.285962 0.872354 0.004960 0.006614
2 0.393849 0.792549 0.003968 0.014550
2 0.376240 0.818122 0.006448 0.012787
2 0.413318 0.757496 0.005208 0.012346
2 0.433036 0.775132 0.008929 0.008818
2 0.444940 0.770723 0.007937 0.007937
2 0.439236 0.800044 0.003968 0.011023
2 0.474082 0.878527 0.003224 0.010141
0 0.539187 0.831570 0.003968 0.009700
0 0.439112 0.872795 0.006200 0.006614
0 0.541295 0.884039 0.005704 0.010582
2 0.512277 0.898148 0.008185 0.007937
0 0.689608 0.894180 0.004712 0.009700
2 0.715278 0.878748 0.009425 0.008818
2 0.728671 0.881614 0.008433 0.010141
0 0.644345 0.891314 0.005456 0.011905
0 0.603051 0.907848 0.006200 0.010582
0 0.535094 0.902557 0.005208 0.010582
2 0.546503 0.878968 0.005208 0.016314
1 0.554812 0.870370 0.002976 0.005291
2 0.674851 0.785935 0.008433 0.007496
2 0.612103 0.972443 0.005952 0.016314
0 0.674727 0.623236 0.006200 0.011905
0 0.580109 0.569224 0.006944 0.011464
0 0.597718 0.740079 0.004960 0.010141
2 0.528150 0.814374 0.005208 0.010582
2 0.492560 0.814153 0.004960 0.012787
0 0.488343 0.866402 0.003968 0.010582
2 0.445437 0.647707 0.004464 0.012346
0 0.479043 0.874339 0.006200 0.009700
0 0.357143 0.085317 0.004960 0.008377
2 0.378472 0.078263 0.008433 0.008377
2 0.420635 0.118827 0.006944 0.015432
2 0.376240 0.106702 0.004960 0.009700
2 0.359003 0.102954 0.004712 0.011905
2 0.407862 0.199515 0.003720 0.017196
0 0.400794 0.204145 0.005456 0.013228
2 0.373140 0.277998 0.007192 0.012787
2 0.402902 0.319444 0.005208 0.017196
2 0.412822 0.318783 0.004216 0.013228
0 0.419519 0.344577 0.005208 0.010141
2 0.422619 0.327381 0.008433 0.010141
0 0.443452 0.339506 0.006944 0.009700
0 0.476811 0.215829 0.005208 0.011905
2 0.551339 0.161376 0.004464 0.014109
2 0.551091 0.195767 0.004960 0.016755
2 0.560888 0.344356 0.006696 0.016755
2 0.445188 0.413360 0.006944 0.015432
0 0.485491 0.497575 0.004216 0.010141
2 0.583705 0.414021 0.007192 0.011464
2 0.589782 0.427028 0.006944 0.010141
0 0.580729 0.442460 0.005704 0.011023
0 0.598958 0.445106 0.006448 0.012787
0 0.590154 0.504409 0.006200 0.012346
0 0.593130 0.534171 0.006200 0.008377
0 0.588294 0.541446 0.004960 0.010582
2 0.524430 0.308642 0.006696 0.014109
2 0.528894 0.290564 0.007192 0.009700
2 0.461930 0.463404 0.009177 0.008818
2 0.467014 0.479938 0.008929 0.010141
0 0.500372 0.567901 0.006200 0.010582
2 0.492808 0.593034 0.006448 0.008818
2 0.547123 0.120150 0.007440 0.009259
0 0.590030 0.176587 0.005952 0.011905
2 0.598958 0.170635 0.005456 0.016755
0 0.616195 0.190697 0.006200 0.009259
2 0.613715 0.161596 0.007192 0.012787
2 0.531870 0.409171 0.004712 0.014991
0 0.638517 0.426587 0.005704 0.007496
0 0.662946 0.404982 0.005456 0.009259
3 0.497520 0.521825 0.004464 0.007496
2 0.510541 0.493386 0.006696 0.013228
2 0.591766 0.483245 0.006944 0.010582
1 0.662450 0.478175 0.004960 0.009259
2 0.625868 0.598104 0.004216 0.011905
1 0.533234 0.892196 0.002976 0.005732
2 0.648934 0.171517 0.006200 0.014109
0 0.678447 0.192460 0.004712 0.012787
2 0.678819 0.219577 0.004960 0.015873
2 0.658854 0.322090 0.006696 0.014550
0 0.715526 0.669533 0.006448 0.014550
2 0.751488 0.728175 0.004960 0.016314
2 0.767981 0.679453 0.006696 0.014109
0 0.737847 0.657628 0.005456 0.014550
0 0.697917 0.649250 0.005952 0.011905
1 0.758433 0.587743 0.002976 0.005291
0 0.720982 0.458774 0.005456 0.011023
2 0.757812 0.481922 0.005704 0.014991
2 0.727431 0.481261 0.007937 0.010141
0 0.715774 0.550265 0.005952 0.007937
2 0.739459 0.527116 0.007192 0.009259
0 0.724578 0.181437 0.004216 0.010141
0 0.721850 0.297178 0.006696 0.009700
2 0.790675 0.281526 0.007440 0.009259
0 0.753596 0.311949 0.005208 0.010141
2 0.733631 0.362875 0.004960 0.012346
0 0.740451 0.380952 0.005208 0.010582
0 0.813864 0.349427 0.006200 0.009259
0 0.856895 0.306437 0.004960 0.009700
2 0.826265 0.369709 0.006200 0.014550
0 0.860367 0.451279 0.005456 0.008377
0 0.843254 0.591931 0.006448 0.010141
0 0.822173 0.579365 0.005456 0.008818
2 0.577629 0.401014 0.005456 0.015432
1 0.701513 0.746473 0.003224 0.004409
