2 0.416226 0.281994 0.011464 0.009921
2 0.255071 0.394221 0.014550 0.010169
0 0.375000 0.580729 0.009259 0.006696
0 0.372795 0.547619 0.010141 0.005952
0 0.352072 0.522073 0.011905 0.006448
2 0.342593 0.542287 0.012346 0.008185
2 0.451058 0.532490 0.011464 0.009425
0 0.476411 0.584573 0.011023 0.006448
0 0.516975 0.557168 0.011905 0.006696
2 0.139991 0.473090 0.010141 0.008185
2 0.214727 0.426339 0.008818 0.007440
0 0.210317 0.373512 0.011464 0.005952
0 0.311508 0.407862 0.011023 0.006696
2 0.272928 0.825645 0.010582 0.011905
2 0.330026 0.788442 0.012787 0.012401
2 0.279101 0.751364 0.013228 0.011161
2 0.414683 0.670759 0.010141 0.008681
2 0.597884 0.591394 0.007055 0.011657
3 0.427028 0.471478 0.012787 0.006944
0 0.505952 0.343502 0.007496 0.005456
2 0.940256 0.330233 0.018959 0.005208
2 0.732584 0.451885 0.012787 0.005456
2 0.852072 0.463046 0.008377 0.006944
2 0.847663 0.428819 0.006614 0.006944
2 0.849206 0.417039 0.011464 0.005208
2 0.278439 0.548859 0.010141 0.007440
2 0.277557 0.565848 0.015432 0.007688
2 0.251102 0.551711 0.017196 0.005704
1 0.196208 0.498760 0.007055 0.004464
2 0.289242 0.496280 0.014991 0.006944
2 0.190476 0.477927 0.009700 0.009425
2 0.138228 0.495784 0.016314 0.007440
2 0.276675 0.470982 0.012787 0.007440
2 0.345018 0.656126 0.010141 0.010665
2 0.412037 0.638889 0.015432 0.004960
2 0.339506 0.634921 0.015873 0.004464
0 0.571869 0.653150 0.008818 0.005704
0 0.401014 0.449033 0.011023 0.006696
2 0.364859 0.500372 0.009259 0.009177
2 0.371473 0.479291 0.008377 0.009177
2 0.378748 0.490823 0.010582 0.005952
2 0.486993 0.477679 0.011023 0.006944
2 0.283289 0.412326 0.016314 0.006200
0 0.301367 0.371280 0.010141 0.005456
2 0.322972 0.394593 0.010141 0.008929
2 0.378748 0.383309 0.022046 0.004216
2 0.430115 0.368180 0.011023 0.006696
0 0.399691 0.438120 0.011905 0.006200
0 0.529541 0.428695 0.012346 0.006696
2 0.536596 0.408110 0.012346 0.007688
2 0.470679 0.451017 0.010141 0.006200
2 0.457892 0.440104 0.012787 0.007688
2 0.438051 0.458829 0.010141 0.008433
2 0.407628 0.463046 0.013668 0.005952
2 0.685185 0.457465 0.011464 0.007688
2 0.593915 0.442336 0.014991 0.007688
2 0.647707 0.422123 0.010582 0.004464
0 0.617504 0.412326 0.008377 0.006696
3 0.710758 0.406002 0.011464 0.005952
2 0.749559 0.311384 0.019400 0.004712
2 0.744929 0.381076 0.009259 0.008185
2 0.666887 0.403646 0.008377 0.007688
2 0.667989 0.374008 0.014991 0.005456
2 0.658951 0.348586 0.010141 0.007688
2 0.637125 0.360367 0.014991 0.004960
2 0.597443 0.355779 0.014991 0.007192
2 0.589506 0.296999 0.014109 0.006200
2 0.536817 0.314484 0.014550 0.004960
2 0.550926 0.328993 0.013668 0.009177
2 0.570988 0.335441 0.016755 0.004216
2 0.453704 0.323537 0.012346 0.008185
2 0.491843 0.378100 0.012787 0.006696
2 0.550926 0.377356 0.015432 0.004216
2 0.444004 0.355779 0.014991 0.005704
2 0.471120 0.403274 0.008377 0.008433
2 0.481481 0.418403 0.009700 0.007937
2 0.517416 0.417287 0.014550 0.005704
2 0.601631 0.496652 0.007496 0.007688
2 0.583774 0.503348 0.015873 0.006200
2 0.286817 0.366691 0.010141 0.008185
2 0.271825 0.286334 0.012787 0.005208
2 0.313492 0.347842 0.014109 0.006200
2 0.302690 0.340898 0.010141 0.009177
2 0.243166 0.324281 0.016314 0.005208
2 0.181878 0.357019 0.016314 0.007688
2 0.267416 0.359623 0.018959 0.005456
2 0.253307 0.351066 0.017196 0.007192
2 0.221561 0.345114 0.014550 0.005208
2 0.205026 0.335317 0.013228 0.007937
2 0.177249 0.327753 0.012346 0.007688
1 0.284612 0.233507 0.009259 0.005704
3 0.448854 0.192708 0.015873 0.007937
2 0.866623 0.514633 0.020723 0.005952
