0 0.428571 0.256076 0.011464 0.006696
0 0.482804 0.227183 0.009700 0.005952
0 0.406085 0.236483 0.012346 0.005704
0 0.343695 0.263517 0.010141 0.005704
2 0.337302 0.277902 0.014991 0.005704
0 0.279321 0.274058 0.012787 0.006448
0 0.364859 0.307044 0.011023 0.007440
0 0.434303 0.298983 0.010582 0.006696
0 0.340168 0.329861 0.011023 0.005456
0 0.449735 0.347470 0.011464 0.006448
3 0.097884 0.312128 0.010582 0.004712
3 0.179674 0.305680 0.009259 0.006200
3 0.219136 0.307540 0.007055 0.006448
3 0.184744 0.294395 0.012346 0.005456
3 0.148589 0.315972 0.006173 0.005952
2 0.145282 0.335689 0.010141 0.007192
2 0.195547 0.329117 0.017196 0.005952
3 0.213845 0.351562 0.012346 0.004216
2 0.109347 0.371900 0.007055 0.010169
2 0.067019 0.477183 0.009700 0.007440
2 0.063933 0.467882 0.007055 0.008185
3 0.142857 0.386657 0.012346 0.004960
0 0.120150 0.343998 0.006614 0.006448
0 0.210097 0.378968 0.008377 0.006944
3 0.187610 0.395089 0.009259 0.006944
0 0.247795 0.410838 0.010582 0.007192
1 0.185626 0.472222 0.010582 0.005952
3 0.082011 0.485615 0.010582 0.005952
2 0.050926 0.471602 0.009259 0.006200
2 0.046737 0.499752 0.017637 0.004960
2 0.061728 0.495412 0.009700 0.006696
0 0.059744 0.516369 0.008377 0.005952
3 0.135362 0.488343 0.009700 0.005952
0 0.173721 0.511657 0.011464 0.004464
1 0.330026 0.524430 0.010141 0.006200
0 0.079806 0.541171 0.008818 0.005952
2 0.050705 0.545263 0.014991 0.004712
2 0.079586 0.556548 0.007496 0.008929
0 0.194665 0.536706 0.011023 0.005456
0 0.152998 0.558284 0.009700 0.006448
2 0.190256 0.578497 0.008377 0.008681
0 0.256834 0.599826 0.011905 0.006200
0 0.271605 0.601935 0.010582 0.005456
2 0.266314 0.536458 0.007937 0.005952
0 0.218695 0.583829 0.013228 0.005456
0 0.143078 0.586806 0.009259 0.004960
0 0.215388 0.626860 0.011023 0.006696
0 0.240520 0.630084 0.010141 0.006696
0 0.219577 0.605035 0.010582 0.005704
3 0.241402 0.607639 0.011023 0.003472
2 0.177910 0.673983 0.015432 0.008681
2 0.264550 0.685392 0.008818 0.008681
2 0.165344 0.691964 0.010582 0.006944
2 0.258598 0.724702 0.007496 0.009921
0 0.301587 0.651166 0.012346 0.006200
0 0.337302 0.635293 0.010582 0.006696
2 0.382716 0.635293 0.014991 0.004712
0 0.414462 0.635789 0.006173 0.006200
0 0.361993 0.604291 0.008818 0.006696
0 0.331790 0.576885 0.008377 0.005456
2 0.360670 0.664311 0.013228 0.007192
0 0.389550 0.655010 0.011905 0.005952
0 0.499559 0.646205 0.010582 0.006200
3 0.296737 0.508185 0.011464 0.004464
0 0.369489 0.543775 0.008818 0.007192
2 0.349206 0.547867 0.005291 0.008433
3 0.420855 0.562500 0.010141 0.005952
0 0.357363 0.585938 0.011023 0.007192
3 0.366402 0.583085 0.006173 0.005456
3 0.171517 0.422123 0.011464 0.005456
3 0.242063 0.460938 0.009700 0.005704
1 0.314594 0.465030 0.009259 0.004960
3 0.297840 0.471478 0.010141 0.005952
2 0.374559 0.480779 0.013668 0.005208
3 0.386684 0.466146 0.012346 0.004216
3 0.427249 0.464782 0.010582 0.003472
0 0.382055 0.431176 0.010141 0.003720
0 0.371914 0.387649 0.009259 0.004960
0 0.409612 0.370784 0.010582 0.005456
2 0.465388 0.358011 0.012787 0.004216
2 0.458774 0.369048 0.017196 0.005456
3 0.449515 0.403894 0.005732 0.006200
0 0.470238 0.381324 0.009259 0.006200
0 0.550926 0.661458 0.010141 0.005952
0 0.494489 0.613715 0.011023 0.005704
0 0.599647 0.642361 0.009700 0.005952
0 0.642416 0.620784 0.012346 0.006944
0 0.634480 0.646825 0.009700 0.006448
0 0.645944 0.643229 0.011464 0.006200
0 0.749339 0.618800 0.010141 0.006448
0 0.580247 0.563368 0.009700 0.005208
3 0.668430 0.559772 0.007937 0.005456
2 0.698192 0.559648 0.008377 0.007688
1 0.787919 0.610119 0.007055 0.004464
2 0.843474 0.578869 0.015873 0.006448
2 0.877425 0.568576 0.013228 0.005704
2 0.853836 0.541915 0.015432 0.004960
2 0.853175 0.535590 0.012346 0.006200
2 0.893739 0.552827 0.009700 0.006448
1 0.804453 0.431424 0.010141 0.005704
2 0.895503 0.517981 0.011464 0.005208
2 0.889330 0.476438 0.008818 0.004960
2 0.916667 0.460938 0.011464 0.004712
2 0.943342 0.482887 0.007496 0.006944
3 0.913360 0.499876 0.010141 0.006200
0 0.900353 0.508805 0.007937 0.005208
2 0.821208 0.415675 0.009259 0.007440
3 0.822090 0.392485 0.010141 0.004712
3 0.770062 0.399678 0.009259 0.005704
2 0.802249 0.388889 0.016314 0.004464
3 0.885362 0.401414 0.007937 0.004712
0 0.894180 0.402654 0.009700 0.005208
3 0.933422 0.414187 0.007937 0.006448
2 0.747575 0.340402 0.013668 0.004712
2 0.757496 0.341270 0.014109 0.003472
2 0.773148 0.334573 0.013668 0.003968
2 0.830908 0.362227 0.011905 0.004712
2 0.839286 0.360243 0.011905 0.004216
0 0.822531 0.341394 0.011023 0.005208
2 0.897707 0.324529 0.013228 0.004216
0 0.901014 0.365327 0.009259 0.005456
3 0.941358 0.359623 0.007055 0.004960
2 0.944224 0.379216 0.013668 0.004960
2 0.776675 0.347718 0.014550 0.003968
3 0.777116 0.344618 0.008377 0.004216
0 0.865300 0.528398 0.010141 0.006696
3 0.832231 0.520709 0.009259 0.007688
2 0.712302 0.508433 0.014550 0.005952
1 0.804453 0.535342 0.008377 0.004712
3 0.808642 0.480779 0.012346 0.003720
0 0.893298 0.425967 0.008818 0.006200
3 0.723545 0.441096 0.012346 0.006696
0 0.714506 0.253968 0.011023 0.005456
2 0.707451 0.246776 0.012787 0.005952
2 0.735009 0.249628 0.014109 0.004216
3 0.766093 0.275918 0.013668 0.004216
0 0.823854 0.281002 0.010141 0.005456
2 0.843695 0.269965 0.011905 0.004216
3 0.788360 0.298983 0.009700 0.005704
2 0.749339 0.309524 0.008377 0.007937
2 0.702822 0.297619 0.007937 0.008433
3 0.700838 0.278398 0.009259 0.005208
3 0.755952 0.330853 0.011023 0.005456
2 0.724427 0.343254 0.011464 0.005456
2 0.540785 0.222470 0.009259 0.006944
0 0.624780 0.249752 0.007937 0.006448
2 0.663360 0.228671 0.013668 0.004464
2 0.672619 0.231895 0.013668 0.003472
2 0.606041 0.258061 0.013668 0.006696
0 0.599427 0.293651 0.010141 0.006448
0 0.560626 0.298487 0.011905 0.006200
0 0.556878 0.307292 0.012346 0.006944
3 0.544533 0.313492 0.009700 0.005952
0 0.534392 0.320188 0.012346 0.006448
0 0.602072 0.321801 0.009259 0.005208
1 0.594797 0.312252 0.007937 0.004464
2 0.641093 0.308532 0.012346 0.003472
2 0.663360 0.323909 0.010141 0.005456
2 0.654762 0.335193 0.006173 0.006696
3 0.605600 0.347842 0.011023 0.005208
2 0.665344 0.357267 0.007937 0.006696
2 0.690256 0.373884 0.009259 0.007192
3 0.557099 0.377108 0.011023 0.005704
2 0.633818 0.360987 0.007496 0.008185
3 0.658289 0.382937 0.012346 0.006944
3 0.638668 0.382812 0.010141 0.005208
2 0.648589 0.387525 0.008818 0.008185
3 0.659832 0.407986 0.010141 0.005952
2 0.658510 0.384053 0.011023 0.004712
3 0.638448 0.414311 0.009700 0.007192
1 0.662919 0.425595 0.011023 0.005952
2 0.675044 0.421999 0.007937 0.007192
2 0.683642 0.421379 0.008377 0.006944
2 0.687390 0.429688 0.012346 0.006200
2 0.642857 0.443204 0.015873 0.006944
1 0.583554 0.453993 0.007496 0.004712
0 0.539903 0.409970 0.011905 0.004960
3 0.548060 0.418031 0.012346 0.004216
3 0.550485 0.429936 0.007496 0.005704
3 0.500000 0.437996 0.012346 0.004960
0 0.627866 0.542287 0.012346 0.005208
3 0.618607 0.533854 0.010582 0.005704
3 0.596781 0.479167 0.011023 0.007440
0 0.589947 0.492560 0.010582 0.005952
3 0.552469 0.523562 0.007937 0.004960
3 0.524912 0.520461 0.012787 0.005704
3 0.513668 0.558160 0.012346 0.004712
3 0.483907 0.493924 0.008377 0.005704
3 0.481041 0.482267 0.012346 0.005704
3 0.451940 0.488715 0.008818 0.006200
3 0.458554 0.495288 0.011464 0.003968
2 0.436287 0.499504 0.009259 0.006448
2 0.444885 0.501612 0.006173 0.004216
0 0.437169 0.540675 0.008377 0.006944
0 0.446649 0.550843 0.008818 0.004960
2 0.454806 0.559896 0.009259 0.008681
3 0.609347 0.573165 0.007937 0.005456
0 0.503086 0.577753 0.009700 0.005208
2 0.119929 0.429812 0.013228 0.008433
1 0.610450 0.511161 0.008377 0.004464
3 0.617725 0.419891 0.013228 0.005952
0 0.104056 0.374008 0.007937 0.004960
3 0.040123 0.497148 0.007937 0.002728
2 0.611111 0.644841 0.008818 0.005952
