2 0.419974 0.237475 0.015432 0.008185
2 0.078704 0.310888 0.015432 0.009673
2 0.403880 0.302207 0.017637 0.006200
2 0.392637 0.318700 0.007496 0.011905
2 0.398589 0.333829 0.021164 0.005952
2 0.431878 0.325645 0.017196 0.006944
2 0.479277 0.318080 0.017637 0.009673
2 0.443563 0.346602 0.022046 0.006696
2 0.444444 0.357763 0.015873 0.006696
2 0.450397 0.394221 0.008377 0.010665
2 0.462522 0.398189 0.018519 0.008185
2 0.491843 0.404886 0.015432 0.006200
2 0.258157 0.368552 0.021605 0.006448
2 0.305115 0.344866 0.020282 0.004712
2 0.377425 0.344990 0.008818 0.009425
2 0.348325 0.370288 0.020282 0.006944
2 0.325838 0.373016 0.019400 0.006448
2 0.256393 0.397197 0.017196 0.009673
2 0.265653 0.432168 0.009259 0.010665
2 0.249118 0.432292 0.018519 0.008433
2 0.278880 0.444692 0.020723 0.003968
2 0.252425 0.473834 0.019841 0.006696
2 0.351852 0.403274 0.017637 0.004960
2 0.364198 0.405382 0.007937 0.011657
2 0.370150 0.414559 0.008377 0.009177
2 0.367504 0.428447 0.011023 0.012649
2 0.387346 0.439484 0.020723 0.006448
2 0.391314 0.431796 0.019841 0.006944
2 0.392416 0.419023 0.021164 0.004712
2 0.513668 0.420015 0.014991 0.007192
2 0.259700 0.480903 0.022046 0.005456
2 0.281526 0.499008 0.020723 0.004960
2 0.289462 0.511037 0.020723 0.004712
2 0.318563 0.500000 0.018959 0.006448
2 0.269621 0.506324 0.016314 0.009673
2 0.310185 0.519965 0.016314 0.006696
2 0.327160 0.522445 0.019400 0.005208
2 0.334215 0.504464 0.009700 0.007937
2 0.345679 0.501116 0.009700 0.010665
2 0.357804 0.493800 0.016314 0.005456
2 0.365520 0.489335 0.019400 0.004464
2 0.268298 0.541915 0.022487 0.005456
2 0.316138 0.510789 0.021164 0.005208
2 0.284612 0.574529 0.019841 0.005704
2 0.276235 0.579861 0.011023 0.009425
2 0.144400 0.637029 0.022487 0.006696
2 0.252646 0.633433 0.021164 0.004960
2 0.373457 0.614459 0.014991 0.009673
2 0.373677 0.595486 0.016314 0.008929
2 0.381614 0.585813 0.020723 0.003968
2 0.350750 0.557044 0.011905 0.010417
2 0.270503 0.621280 0.016314 0.008433
2 0.323413 0.569196 0.017196 0.007937
2 0.366402 0.565476 0.018519 0.004960
2 0.384039 0.567832 0.019400 0.004712
2 0.371032 0.535714 0.020723 0.004464
3 0.366182 0.517981 0.007496 0.007688
2 0.377646 0.523189 0.019841 0.004216
2 0.352734 0.515873 0.018519 0.005952
2 0.380952 0.510913 0.020282 0.005952
2 0.408951 0.495040 0.020723 0.006448
2 0.389330 0.474950 0.020282 0.004960
2 0.372795 0.458705 0.020723 0.006696
2 0.529321 0.356275 0.019841 0.005208
2 0.452601 0.487475 0.019841 0.006696
2 0.449074 0.496900 0.017196 0.007688
2 0.385141 0.559400 0.018078 0.007192
3 0.400794 0.560268 0.010582 0.005456
2 0.411376 0.574405 0.010582 0.010417
2 0.438492 0.562004 0.018959 0.008929
2 0.444004 0.553323 0.016755 0.008433
2 0.442460 0.622892 0.018959 0.004712
2 0.455908 0.628472 0.020282 0.007440
2 0.510362 0.634797 0.009259 0.009673
2 0.498677 0.625496 0.017637 0.008929
2 0.524250 0.603299 0.018519 0.007688
2 0.593915 0.667783 0.008818 0.011161
2 0.453924 0.572545 0.014550 0.009673
2 0.472884 0.569568 0.024250 0.005704
2 0.472222 0.590898 0.014991 0.009673
2 0.407407 0.602679 0.020282 0.004464
2 0.481922 0.717510 0.010582 0.009425
2 0.440256 0.711310 0.013668 0.010913
2 0.311508 0.431548 0.017196 0.010417
2 0.425265 0.417411 0.016314 0.008929
2 0.547840 0.416791 0.018078 0.005208
3 0.578704 0.438368 0.015432 0.004712
2 0.539462 0.464286 0.017196 0.008929
2 0.500000 0.395337 0.020282 0.004960
2 0.514991 0.401042 0.017637 0.008433
2 0.516093 0.376240 0.010141 0.011905
2 0.550265 0.393353 0.020282 0.006944
2 0.553351 0.399058 0.021164 0.005456
2 0.572531 0.354415 0.016314 0.008929
2 0.600750 0.348834 0.018078 0.005208
2 0.600309 0.332217 0.017196 0.007688
2 0.649030 0.329861 0.016755 0.006944
2 0.641755 0.360119 0.015432 0.008433
2 0.632275 0.408854 0.012346 0.010169
2 0.628086 0.456969 0.010141 0.010665
2 0.601852 0.397693 0.012346 0.008681
2 0.619929 0.390253 0.014109 0.011161
2 0.577822 0.375744 0.016314 0.008929
2 0.730159 0.378596 0.008818 0.010665
2 0.723325 0.451513 0.009259 0.009673
2 0.746252 0.437252 0.019841 0.004960
2 0.722443 0.485739 0.012787 0.010665
2 0.737654 0.478795 0.017637 0.005208
2 0.663580 0.494916 0.009700 0.011657
2 0.658289 0.486855 0.010582 0.009425
2 0.643959 0.477431 0.012787 0.009921
2 0.636684 0.463914 0.011464 0.010665
2 0.642637 0.470486 0.018959 0.005456
2 0.667108 0.473586 0.022046 0.010169
2 0.664242 0.480283 0.018959 0.007192
2 0.596781 0.479043 0.022487 0.006200
2 0.571429 0.497396 0.010582 0.010665
2 0.566358 0.504340 0.011905 0.007192
2 0.528880 0.523934 0.019841 0.007688
2 0.546958 0.517113 0.011023 0.010913
2 0.493166 0.506448 0.013668 0.009425
2 0.603395 0.525918 0.010141 0.011161
2 0.595679 0.545387 0.024691 0.003472
2 0.498898 0.540675 0.019841 0.004960
2 0.498898 0.546255 0.017196 0.006696
2 0.514550 0.544767 0.009700 0.009177
2 0.502425 0.559152 0.022487 0.004216
2 0.522487 0.553695 0.017637 0.007192
2 0.629189 0.544643 0.014991 0.008929
2 0.634921 0.534226 0.017637 0.007937
2 0.649250 0.540923 0.018078 0.006448
2 0.664683 0.535466 0.020723 0.004960
2 0.672619 0.529266 0.018959 0.005456
2 0.690035 0.524802 0.009700 0.011409
2 0.683642 0.537698 0.011023 0.010913
2 0.705688 0.542535 0.016314 0.005704
2 0.613536 0.493056 0.021605 0.004960
2 0.606481 0.499752 0.014550 0.007440
2 0.643078 0.503596 0.019841 0.005208
2 0.662919 0.506200 0.021605 0.004464
2 0.683422 0.501116 0.015873 0.009673
2 0.699295 0.500620 0.018519 0.006200
2 0.653880 0.498016 0.007055 0.009921
2 0.489418 0.581721 0.010582 0.010169
2 0.499559 0.580977 0.017637 0.004216
2 0.514330 0.577753 0.011023 0.009673
2 0.530864 0.578373 0.008818 0.010417
2 0.555115 0.575149 0.018519 0.006448
2 0.563933 0.569568 0.019400 0.004712
2 0.627205 0.573289 0.008377 0.011161
2 0.634921 0.573413 0.007937 0.011905
2 0.648369 0.572793 0.012787 0.010169
2 0.671076 0.570685 0.019400 0.005456
2 0.685847 0.556796 0.013668 0.010913
2 0.639550 0.581597 0.019841 0.004960
2 0.760141 0.593502 0.015873 0.009921
2 0.731481 0.553943 0.017637 0.006200
2 0.811508 0.385045 0.008377 0.009177
2 0.811508 0.403894 0.010141 0.010665
2 0.782187 0.409102 0.019400 0.004712
2 0.798501 0.409350 0.008818 0.010665
2 0.861111 0.407862 0.008818 0.010665
2 0.463624 0.509053 0.016314 0.007192
2 0.631393 0.608011 0.006173 0.008681
2 0.865741 0.525050 0.018959 0.006944
2 0.773810 0.471974 0.009700 0.010417
2 0.794974 0.472222 0.018519 0.004960
2 0.784171 0.486607 0.022487 0.004960
2 0.901014 0.603175 0.012787 0.008929
2 0.720679 0.294767 0.016314 0.004712
2 0.901235 0.362227 0.016755 0.009177
2 0.768959 0.382316 0.019400 0.004712
2 0.811508 0.354415 0.005732 0.008433
2 0.822531 0.413566 0.010141 0.009673
2 0.832231 0.434896 0.018078 0.007688
3 0.804894 0.506944 0.009259 0.003968
1 0.133818 0.272321 0.011023 0.005952
1 0.201279 0.283358 0.012787 0.006696
1 0.208995 0.297991 0.009700 0.005208
1 0.273148 0.303199 0.011905 0.007192
1 0.255732 0.338542 0.010582 0.005952
1 0.203483 0.345114 0.010141 0.006200
1 0.207892 0.442088 0.011023 0.006696
1 0.152778 0.437128 0.011905 0.006200
1 0.077822 0.496652 0.012787 0.006696
1 0.207672 0.485863 0.011464 0.005952
1 0.216049 0.541667 0.011464 0.006944
1 0.285714 0.521949 0.010582 0.005704
1 0.283289 0.493552 0.011905 0.005952
1 0.310406 0.488591 0.010582 0.006944
1 0.268298 0.461062 0.009259 0.004960
1 0.354718 0.445312 0.011905 0.006696
1 0.309965 0.438616 0.011464 0.005704
1 0.332892 0.427579 0.010582 0.005952
1 0.316578 0.412946 0.010582 0.005952
1 0.375882 0.380456 0.012787 0.006448
1 0.390873 0.373016 0.012787 0.006448
1 0.321208 0.383557 0.011905 0.005704
1 0.363095 0.389757 0.006614 0.004216
1 0.380291 0.333085 0.011023 0.006944
1 0.498016 0.352803 0.010141 0.006200
1 0.447090 0.365327 0.010582 0.006448
1 0.507716 0.388269 0.011905 0.006200
1 0.424162 0.356895 0.009700 0.006944
1 0.646605 0.385045 0.011023 0.006696
1 0.637787 0.422991 0.010141 0.005208
1 0.602293 0.454241 0.008818 0.005704
1 0.620591 0.467758 0.010141 0.006448
1 0.658069 0.459077 0.011023 0.006448
1 0.457231 0.474330 0.011464 0.006200
1 0.504850 0.483259 0.008818 0.005208
1 0.544974 0.487227 0.010582 0.006696
1 0.551808 0.506820 0.010141 0.006200
1 0.566358 0.514881 0.010141 0.006448
1 0.571649 0.540551 0.012787 0.006696
1 0.518078 0.531622 0.010582 0.007192
1 0.402998 0.536954 0.008818 0.004960
1 0.292108 0.565228 0.012787 0.004960
1 0.238095 0.603547 0.011464 0.006696
1 0.201279 0.599826 0.010141 0.006696
1 0.281085 0.623760 0.010141 0.005456
1 0.364198 0.634673 0.011464 0.005952
1 0.391755 0.655134 0.011023 0.007192
1 0.410714 0.638765 0.011023 0.006200
1 0.423501 0.645089 0.011905 0.006448
1 0.446208 0.651166 0.011464 0.006200
1 0.462302 0.647197 0.011023 0.006696
1 0.464065 0.661706 0.010141 0.005952
1 0.422619 0.678447 0.012787 0.006696
1 0.456349 0.692584 0.009700 0.006200
1 0.528880 0.687996 0.011023 0.006448
1 0.574956 0.692956 0.011464 0.006448
1 0.566799 0.667163 0.007496 0.003968
1 0.189815 0.646825 0.010141 0.005952
1 0.665564 0.686260 0.009259 0.005456
1 0.717152 0.688988 0.010141 0.005456
1 0.561067 0.656498 0.007496 0.005456
1 0.735891 0.609375 0.007937 0.004464
1 0.779101 0.611483 0.012346 0.006696
1 0.660714 0.589410 0.011905 0.006200
1 0.733907 0.563120 0.011023 0.006696
1 0.763668 0.500868 0.012346 0.006696
1 0.726631 0.471726 0.011464 0.006448
1 0.684524 0.490079 0.009259 0.005456
1 0.606261 0.517609 0.009700 0.005456
1 0.711861 0.527778 0.010141 0.005952
1 0.651014 0.522693 0.010141 0.006200
1 0.680776 0.524926 0.009700 0.005208
1 0.807099 0.483755 0.011023 0.006200
1 0.866843 0.503720 0.010582 0.006448
1 0.478175 0.563988 0.010141 0.005456
1 0.494268 0.573041 0.011464 0.006200
1 0.490961 0.613715 0.011023 0.006200
2 0.439815 0.596974 0.009259 0.007937
1 0.349868 0.619296 0.011023 0.006944
1 0.397266 0.590898 0.010582 0.006200
1 0.554012 0.583705 0.010141 0.006200
1 0.576940 0.566840 0.011905 0.006200
1 0.671076 0.511657 0.010582 0.005952
1 0.771605 0.419147 0.012346 0.006448
1 0.838845 0.413194 0.010141 0.005952
1 0.834877 0.420883 0.005732 0.002976
1 0.802910 0.443452 0.011464 0.007440
1 0.787257 0.393105 0.011905 0.006944
1 0.775353 0.361731 0.009259 0.006200
1 0.716049 0.363715 0.011464 0.006200
1 0.573854 0.331721 0.012787 0.006696
1 0.757055 0.302207 0.009700 0.005704
1 0.550705 0.330853 0.011464 0.006944
1 0.581790 0.368304 0.013668 0.005952
1 0.601190 0.304688 0.010141 0.005704
1 0.668651 0.277778 0.011905 0.006448
1 0.525353 0.303943 0.009259 0.005704
1 0.765873 0.375992 0.010582 0.006448
1 0.579365 0.490079 0.011464 0.005952
1 0.646384 0.491195 0.011464 0.006200
1 0.635141 0.497644 0.012787 0.005208
1 0.645723 0.499504 0.010141 0.005456
1 0.407407 0.413194 0.010582 0.005456
1 0.413139 0.418651 0.010582 0.005456
1 0.579365 0.524306 0.004409 0.002480
1 0.672840 0.464162 0.010582 0.005704
1 0.438492 0.450769 0.010141 0.005704
1 0.430996 0.422991 0.011023 0.005208
1 0.379409 0.407614 0.010141 0.004712
1 0.450838 0.504588 0.011905 0.006200
1 0.473765 0.511533 0.010141 0.005704
1 0.504409 0.553447 0.010582 0.004712
1 0.218915 0.403398 0.011023 0.006200
1 0.438713 0.580481 0.010582 0.005704
1 0.605379 0.485367 0.009700 0.004960
1 0.244489 0.409970 0.009259 0.004960
0 0.790344 0.339782 0.009259 0.005456
1 0.636023 0.525050 0.010141 0.005952
1 0.347002 0.333457 0.010582 0.005704
1 0.165564 0.386533 0.011905 0.005208
