2 0.277557 0.364211 0.015432 0.004712
2 0.233025 0.371528 0.010141 0.006944
2 0.288360 0.418403 0.010582 0.006448
2 0.301367 0.394469 0.010141 0.007192
2 0.168430 0.424727 0.009700 0.008185
2 0.141314 0.370908 0.011023 0.008185
2 0.165344 0.363219 0.008818 0.007688
2 0.183862 0.404638 0.009700 0.008185
2 0.206570 0.410714 0.011905 0.006448
2 0.172178 0.483755 0.011023 0.007192
2 0.278219 0.600818 0.009700 0.007688
2 0.335097 0.664559 0.009700 0.007688
2 0.256393 0.670015 0.010141 0.008185
2 0.578042 0.611607 0.010582 0.007440
2 0.535053 0.642857 0.007496 0.008433
2 0.574295 0.595486 0.011023 0.005456
2 0.531966 0.619296 0.008377 0.006944
2 0.793871 0.629340 0.007496 0.008185
2 0.807319 0.600942 0.012346 0.004464
2 0.871473 0.536334 0.010141 0.007192
2 0.894180 0.528026 0.011464 0.006448
2 0.905423 0.549355 0.012787 0.004464
2 0.893959 0.494296 0.014550 0.007937
2 0.811949 0.484003 0.010141 0.007192
2 0.789462 0.504588 0.006614 0.007192
2 0.746914 0.489335 0.007937 0.007937
2 0.615961 0.451389 0.011464 0.005952
2 0.569665 0.436260 0.012346 0.007440
2 0.605820 0.498264 0.010582 0.005456
2 0.491402 0.353299 0.009259 0.008185
2 0.450617 0.360367 0.012346 0.005952
2 0.603175 0.321181 0.013228 0.006944
2 0.539242 0.376116 0.011464 0.005704
2 0.662919 0.305928 0.009259 0.008185
2 0.666667 0.574777 0.014109 0.004712
2 0.791667 0.689484 0.013668 0.006448
2 0.800485 0.698537 0.008377 0.006696
2 0.847884 0.683656 0.012346 0.003720
0 0.409832 0.622520 0.011023 0.006448
0 0.880291 0.649182 0.011905 0.007192
2 0.744929 0.726687 0.011023 0.006448
0 0.647487 0.621900 0.010141 0.005704
2 0.725309 0.408854 0.007937 0.009177
2 0.744048 0.411706 0.006614 0.006944
2 0.798060 0.423363 0.011464 0.006944
2 0.873457 0.504836 0.007937 0.007192
3 0.868386 0.644841 0.006614 0.003472
3 0.884700 0.642733 0.003968 0.002232
1 0.726190 0.707961 0.004409 0.002232
1 0.613757 0.725942 0.004409 0.001984
1 0.492504 0.646949 0.010582 0.005208
1 0.232804 0.579861 0.007937 0.003968
2 0.227734 0.488963 0.011905 0.006696
2 0.248898 0.471602 0.013668 0.006200
2 0.214065 0.491939 0.011905 0.006200
2 0.202160 0.337054 0.011023 0.006944
2 0.514550 0.337798 0.012346 0.006944
2 0.465829 0.398065 0.005732 0.007937
0 0.523148 0.767113 0.013668 0.005456
0 0.492504 0.764137 0.009700 0.005456
2 0.516534 0.752976 0.010141 0.007937
0 0.409832 0.731895 0.010141 0.006448
2 0.319665 0.674107 0.012346 0.003968
2 0.246473 0.522817 0.007937 0.007937
2 0.326279 0.460689 0.007937 0.006696
2 0.357804 0.333581 0.011023 0.005952
3 0.416226 0.320437 0.007937 0.006944
2 0.304674 0.329117 0.010582 0.007937
2 0.620811 0.362351 0.007937 0.006944
2 0.590829 0.388765 0.010582 0.007688
0 0.668210 0.370536 0.011905 0.004464
0 0.777998 0.458705 0.011905 0.004712
2 0.498016 0.552331 0.009259 0.006944
0 0.409392 0.587798 0.012787 0.005456
0 0.543430 0.448661 0.011023 0.006448
2 0.446208 0.231027 0.008818 0.007192
2 0.488095 0.241567 0.011464 0.006448
3 0.296296 0.234995 0.006173 0.004216
0 0.729277 0.348958 0.008818 0.006944
2 0.714506 0.673983 0.013668 0.006696
2 0.819224 0.664931 0.011464 0.006448
3 0.839947 0.652034 0.008818 0.003968
2 0.637787 0.708829 0.011905 0.006944
0 0.380732 0.629712 0.011905 0.006448
2 0.369489 0.542659 0.009700 0.007937
2 0.224647 0.339782 0.010141 0.007937
2 0.602513 0.379092 0.008377 0.007688
2 0.171958 0.351687 0.014991 0.004960
2 0.182540 0.342758 0.013228 0.005952
2 0.222663 0.364583 0.008818 0.007937
0 0.244489 0.434896 0.011023 0.008185
0 0.199074 0.484127 0.009259 0.009425
2 0.220238 0.526910 0.012787 0.006200
3 0.216711 0.515377 0.010141 0.006448
2 0.128307 0.583457 0.011464 0.007192
2 0.174603 0.651166 0.014109 0.005208
0 0.301146 0.722346 0.011464 0.006696
2 0.374780 0.697793 0.011464 0.007192
2 0.304894 0.616815 0.013668 0.005456
0 0.299383 0.636905 0.010582 0.007440
2 0.296737 0.603299 0.012346 0.004712
2 0.320988 0.593378 0.013228 0.005208
2 0.312169 0.533110 0.007937 0.007192
2 0.333113 0.529142 0.013668 0.005208
2 0.328483 0.547247 0.010582 0.006200
2 0.290123 0.536458 0.012346 0.005952
3 0.319444 0.535466 0.006614 0.003968
0 0.361552 0.498388 0.009700 0.007192
2 0.276455 0.445437 0.008818 0.008433
3 0.360450 0.340650 0.011023 0.006696
2 0.381834 0.349950 0.011464 0.004960
0 0.399471 0.358259 0.010582 0.005704
0 0.322751 0.307664 0.009700 0.006200
2 0.372575 0.257316 0.013228 0.004712
2 0.442681 0.281746 0.009700 0.007937
2 0.425705 0.429439 0.012787 0.006200
2 0.455908 0.445933 0.013228 0.005952
0 0.475309 0.425719 0.012346 0.005208
2 0.425926 0.476190 0.012346 0.004960
2 0.464286 0.491443 0.010582 0.006696
1 0.400794 0.478547 0.007937 0.003720
2 0.414683 0.519965 0.013668 0.006200
2 0.408069 0.558036 0.009259 0.007440
2 0.446208 0.561260 0.012346 0.004464
2 0.454365 0.592014 0.013668 0.005456
2 0.462963 0.581845 0.007937 0.006944
2 0.412698 0.609871 0.010582 0.005952
2 0.410714 0.633433 0.008377 0.007440
2 0.458995 0.634921 0.009700 0.006944
0 0.389109 0.655382 0.012787 0.007192
2 0.393519 0.676959 0.013668 0.007192
2 0.416667 0.686508 0.011464 0.006944
2 0.397487 0.714782 0.011905 0.005952
2 0.408730 0.762401 0.013228 0.006448
2 0.393078 0.763889 0.009259 0.007440
2 0.539462 0.745412 0.008377 0.007192
3 0.566799 0.740079 0.009259 0.005952
2 0.574295 0.749628 0.010141 0.007192
2 0.548721 0.711930 0.012787 0.005704
2 0.472884 0.663442 0.013668 0.005952
2 0.528660 0.652158 0.008818 0.007192
0 0.494489 0.619792 0.011905 0.005952
2 0.505291 0.570561 0.012346 0.003720
2 0.499559 0.577257 0.011464 0.006696
2 0.527778 0.587798 0.008818 0.007440
2 0.569885 0.580605 0.013668 0.004464
2 0.515432 0.540675 0.012346 0.005952
2 0.526235 0.545139 0.011023 0.006448
1 0.518959 0.545387 0.007055 0.003968
2 0.506834 0.490327 0.013668 0.004960
2 0.504630 0.502852 0.011023 0.005208
2 0.493166 0.515997 0.012787 0.004712
2 0.491182 0.507564 0.012346 0.006200
2 0.527116 0.513765 0.013668 0.004712
2 0.508598 0.512401 0.008377 0.006944
2 0.478395 0.514509 0.010582 0.006696
3 0.473986 0.523562 0.011464 0.007440
2 0.558422 0.502976 0.008377 0.007937
2 0.529762 0.458705 0.016314 0.004712
2 0.554012 0.449901 0.010141 0.007937
2 0.581349 0.446925 0.008377 0.008433
0 0.528880 0.440600 0.014550 0.005208
2 0.568122 0.471354 0.010141 0.007192
3 0.578704 0.485987 0.016314 0.004216
2 0.568342 0.380580 0.009700 0.008185
2 0.561287 0.406622 0.012346 0.005704
0 0.501984 0.367063 0.013668 0.005456
3 0.541667 0.381944 0.004850 0.004464
0 0.517416 0.371156 0.011023 0.006200
2 0.552469 0.312252 0.011464 0.007937
3 0.524912 0.325397 0.011905 0.005456
2 0.510362 0.280878 0.011905 0.007688
2 0.610009 0.427455 0.013668 0.004712
2 0.648148 0.494916 0.008818 0.008185
0 0.664683 0.489707 0.011023 0.005208
3 0.600750 0.473710 0.009259 0.005952
3 0.632496 0.499628 0.013668 0.006200
2 0.579365 0.526042 0.007937 0.006944
2 0.647707 0.535590 0.008818 0.008185
2 0.586199 0.571553 0.014550 0.005704
2 0.597443 0.674355 0.011464 0.005952
2 0.605379 0.668403 0.012346 0.005952
2 0.608025 0.712054 0.012346 0.005952
2 0.668430 0.760417 0.009700 0.006944
2 0.778219 0.695933 0.009700 0.007440
2 0.697751 0.643973 0.013668 0.005704
2 0.708333 0.652778 0.013668 0.005456
0 0.756834 0.636781 0.008377 0.007688
0 0.736552 0.564608 0.011023 0.007192
2 0.764330 0.511409 0.011905 0.005952
2 0.781085 0.540923 0.011905 0.005456
2 0.705467 0.529638 0.015873 0.004712
0 0.716490 0.487599 0.013228 0.005456
2 0.783069 0.482019 0.012346 0.006696
2 0.762787 0.482887 0.009700 0.007937
2 0.696649 0.491195 0.009700 0.007192
2 0.717813 0.451265 0.011464 0.006200
0 0.691799 0.342634 0.013228 0.006200
2 0.824074 0.470362 0.010582 0.007192
2 0.898810 0.500992 0.011905 0.005456
0 0.846340 0.522569 0.011023 0.006448
2 0.849647 0.552455 0.012346 0.005704
0 0.832231 0.691468 0.009259 0.006944
3 0.496252 0.727803 0.006614 0.004216
1 0.736111 0.503224 0.003968 0.001984
1 0.718915 0.531126 0.003968 0.002232
1 0.762125 0.491567 0.003086 0.001984
3 0.822531 0.526538 0.004850 0.002480
1 0.773810 0.496156 0.008818 0.005208
