2 0.054672 0.940105 0.059964 0.050344
2 0.117284 0.493925 0.079364 0.036456
2 0.191360 0.917537 0.072312 0.036456
2 0.000000 0.767359 0.081128 0.034720
2 0.059964 0.807294 0.070548 0.059031
2 0.064372 0.633680 0.040564 0.083335
2 0.201060 0.753471 0.081128 0.048608
2 0.213404 0.793406 0.084656 0.038192
2 0.290124 0.480905 0.065256 0.062503
2 0.403000 0.441838 0.072312 0.036456
2 0.401236 0.325519 0.068784 0.053816
2 0.596120 0.309027 0.067020 0.048608
2 0.567020 0.520833 0.061728 0.059031
2 0.529100 0.861978 0.049384 0.071183
2 0.407408 0.783851 0.049384 0.060767
2 0.479716 0.731771 0.056436 0.078127
2 0.311288 0.630208 0.065256 0.062503
2 0.920636 0.650172 0.035272 0.074655
2 0.882716 0.063369 0.065256 0.032984
1 0.030864 0.717883 0.047620 0.043400
1 0.586420 0.695315 0.044092 0.046872
1 0.551148 0.960937 0.040564 0.036456
1 0.864196 0.546005 0.045856 0.043400
1 0.295416 0.322047 0.051148 0.046872
1 0.202820 0.315971 0.045856 0.048608
1 0.327160 0.578128 0.054672 0.041664
1 0.404760 0.132816 0.040564 0.039928
1 0.101412 0.127601 0.037036 0.039928
