1 0.127604 0.756614 0.039931 0.045855
1 0.866319 0.162257 0.038194 0.038801
2 0.688368 0.253086 0.095486 0.037037
2 0.737847 0.137566 0.072917 0.081129
2 0.363715 0.194885 0.050347 0.061728
2 0.392361 0.06261 0.069444 0.047619
1 0.463542 0.160494 0.034722 0.038801
2 0.352431 0.306878 0.052083 0.056437
1 0.099826 0.510582 0.039931 0.037037
1 0.019097 0.445326 0.038194 0.037037
1 0.866319 0.514109 0.024306 0.022928
2 0.072917 0.163139 0.038194 0.037037
1 0.019097 0.145503 0.034722 0.037037
1 0.083333 0.37037 0.041667 0.05291
