2 0.981771 0.916226 0.057292 0.03351
0 0.416667 0.575838 0.038194 0.03351
0 0.40625 0.432981 0.038194 0.040564
0 0.459201 0.220459 0.039931 0.035273
0 0.194444 0.141975 0.045139 0.040564
0 0.507812 0.679894 0.036458 0.037037
0 0.403646 0.813933 0.036458 0.037037
0 0.414063 0.025573 0.036458 0.037037
2 0.333333 0.025573 0.048611 0.037037
1 0.253472 0.119929 0.03125 0.031746
0 0.399306 0.991182 0.038194 0.035273
0 0.513021 0.829806 0.036458 0.037037
2 0.605035 0.606702 0.032986 0.067019
0 0.338542 0.941799 0.045139 0.045855
