2 0.75485 0.381944 0.070547 0.041667
1 0.924162 0.199653 0.035273 0.038194
1 0.645503 0.440972 0.042328 0.041667
1 0.06261 0.210937 0.040564 0.043403
2 0.932099 0.766493 0.082892 0.029514
2 0.87478 0.143229 0.063492 0.050347
2 0.829806 0.164931 0.03351 0.052083
2 0.549383 0.02691 0.037037 0.064236
1 0.273369 0.5625 0.038801 0.038194
1 0.063492 0.78559 0.042328 0.043403
1 0.108466 0.086806 0.037037 0.041667
1 0.411817 0.900174 0.037037 0.036458
1 0.804233 0.980903 0.038801 0.041667
1 0.550265 0.777778 0.042328 0.041667
1 0.425926 0.259549 0.040564 0.032986
