2 0.468254 0.700521 0.026455 0.039931
3 0.152557 0.16059 0.03351 0.043403
2 0.03351 0.616319 0.035273 0.03125
0 0.839506 0.102431 0.042328 0.041667
0 0.401235 0.347222 0.029982 0.041667
0 0.512346 0.059896 0.029982 0.036458
0 0.111993 0.368056 0.037037 0.03125
0 0.64903 0.678819 0.035273 0.038194
0 0.783069 0.126736 0.038801 0.038194
0 0.539683 0.099826 0.031746 0.039931
0 0.097002 0.06684 0.038801 0.029514
0 0.321869 0.62066 0.037037 0.036458
2 0.896825 0.236979 0.047619 0.026042
2 0.548501 0.505208 0.056437 0.045139
2 0.424162 0.773438 0.029982 0.057292
