2 0.246914 0.381944 0.070547 0.041667
1 0.077601 0.199653 0.035273 0.038194
1 0.356261 0.440972 0.042328 0.041667
1 0.939153 0.210938 0.040564 0.043403
2 0.069665 0.766493 0.082892 0.029514
2 0.126984 0.143229 0.063492 0.050347
2 0.171958 0.164931 0.03351 0.052083
2 0.452381 0.02691 0.037037 0.064236
1 0.728395 0.5625 0.038801 0.038194
1 0.938272 0.78559 0.042328 0.043403
1 0.893298 0.086806 0.037037 0.041667
1 0.589947 0.900174 0.037037 0.036458
1 0.197531 0.980903 0.038801 0.041667
1 0.451499 0.777778 0.042328 0.041667
1 0.575838 0.259549 0.040564 0.032986
