0 0.792535 0.199295 0.036458 0.038801
0 0.648438 0.166667 0.043403 0.040564
2 0.53559 0.014991 0.036458 0.054674
0 0.717882 0.34127 0.032986 0.037037
0 0.71875 0.283069 0.041667 0.040564
1 0.480035 0.758377 0.032986 0.028219
0 0.50434 0.847443 0.029514 0.037037
2 0.034722 0.233686 0.045139 0.068783
0 0.115451 0.899471 0.039931 0.031746
0 0.139757 0.92769 0.039931 0.031746
0 0.234375 0.647266 0.034722 0.035273
2 0.194444 0.603175 0.041667 0.056437
0 0.25 0.899471 0.038194 0.035273
2 0.039063 0.328042 0.032986 0.059965
0 0.848958 0.599647 0.03125 0.042328
0 0.837674 0.644621 0.032986 0.040564
0 0.881944 0.464727 0.034722 0.03351
0 0.741319 0.604938 0.03125 0.042328
2 0.934896 0.785714 0.029514 0.058201
0 0.188368 0.429453 0.036458 0.03351
3 0.389757 0.999118 0.026042 0.029982
