2 0.299479 0.53351 0.039931 0.026455
3 0.83941 0.849206 0.043403 0.03351
2 0.383681 0.968254 0.03125 0.035273
0 0.897569 0.162257 0.041667 0.042328
0 0.652778 0.600529 0.041667 0.029982
0 0.940104 0.489418 0.036458 0.029982
0 0.631944 0.889771 0.03125 0.037037
0 0.321181 0.352734 0.038194 0.035273
0 0.873264 0.218695 0.038194 0.038801
0 0.900174 0.462081 0.039931 0.031746
0 0.93316 0.904762 0.029514 0.038801
0 0.37934 0.679894 0.036458 0.037037
2 0.763021 0.104938 0.026042 0.047619
2 0.494792 0.453263 0.045139 0.056437
2 0.226562 0.577601 0.057292 0.029982
