1 0.71441 0.916226 0.039931 0.037037
2 0.921007 0.958554 0.050347 0.040564
2 0.185764 0.902998 0.083333 0.035273
2 0.208333 0.995591 0.055556 0.058201
1 0.404514 0.766314 0.038194 0.040564
1 0.268229 0.85097 0.039931 0.037037
1 0.223958 0.753968 0.041667 0.044092
1 0.290799 0.992063 0.036458 0.03351
2 0.921007 0.217813 0.029514 0.075838
2 0.902778 0.369489 0.045139 0.061728
2 0.603299 0.383598 0.032986 0.07231
2 0.552951 0.855379 0.029514 0.102293
2 0.092014 0.34127 0.048611 0.082892
1 0.276042 0.548501 0.038194 0.038801
1 0.878472 0.514109 0.034722 0.03351
1 0.282986 0.373898 0.041667 0.042328
1 0.573785 0.214286 0.039931 0.029982
1 0.648438 0.176367 0.032986 0.042328
1 0.771701 0.575838 0.043403 0.044092
2 0.327257 0.885362 0.046875 0.056437
2 0.31684 0.585538 0.032986 0.081129
