2 0.485892 0.754338 0.040564 0.050344
2 0.576720 0.696182 0.045856 0.045136
2 0.621692 0.845485 0.051148 0.031248
2 0.575836 0.460072 0.058200 0.055559
2 0.247796 0.388021 0.040564 0.050344
2 0.157848 0.532116 0.026456 0.050344
2 0.493828 0.533852 0.031748 0.050344
0 0.111992 0.210935 0.047620 0.032984
2 0.057320 0.579863 0.047620 0.041664
2 0.124340 0.786461 0.047620 0.038192
2 0.132276 0.374133 0.049384 0.046872
2 0.051148 0.380209 0.038800 0.055559
2 0.296296 0.292534 0.042328 0.050344
2 0.595240 0.506944 0.047620 0.038192
0 0.385360 0.657983 0.044092 0.045136
2 0.398588 0.867185 0.049384 0.039928
1 0.048500 0.440969 0.012344 0.013888
3 0.290124 0.685766 0.019400 0.017360
1 0.095240 0.473092 0.035272 0.036456
