1 0.127604 0.241623 0.039931 0.045855
1 0.866319 0.835979 0.038194 0.038801
2 0.688368 0.74515 0.095486 0.037037
2 0.737847 0.86067 0.072917 0.081129
2 0.363715 0.803351 0.050347 0.061728
2 0.392361 0.935626 0.069444 0.047619
1 0.463542 0.837743 0.034722 0.038801
2 0.352431 0.691358 0.052083 0.056437
1 0.099826 0.487654 0.039931 0.037037
1 0.019097 0.55291 0.038194 0.037037
1 0.866319 0.484127 0.024306 0.022928
2 0.072917 0.835097 0.038194 0.037037
1 0.019097 0.852734 0.034722 0.037037
1 0.083333 0.627866 0.041667 0.05291
