2 0.311288 0.405381 0.051148 0.029512
2 0.194004 0.220483 0.035272 0.052080
2 0.211640 0.171875 0.042328 0.024304
2 0.671076 0.237850 0.033508 0.045136
2 0.754852 0.639755 0.052912 0.029512
2 0.709876 0.914932 0.029984 0.052080
2 0.704584 0.785593 0.047620 0.039928
2 0.194004 0.894100 0.045856 0.045136
2 0.566136 0.528644 0.049384 0.022568
2 0.801588 0.564239 0.051148 0.034720
2 0.746032 0.253474 0.031748 0.031248
3 0.181656 0.571183 0.031748 0.034720
2 0.228396 0.594619 0.037036 0.032984
2 0.452380 0.602431 0.029984 0.027776
2 0.208112 0.805557 0.028220 0.041664
2 0.213404 0.854165 0.028220 0.031248
2 0.611112 0.964408 0.029984 0.029512
2 0.813052 0.701390 0.031748 0.024304
3 0.692240 0.736978 0.029984 0.074655
2 0.316580 0.503472 0.022928 0.034720
3 0.431216 0.540796 0.033508 0.026040
0 0.170196 0.124135 0.037036 0.026040
2 0.236332 0.064236 0.035272 0.031248
2 0.650792 0.156251 0.038800 0.020832
3 0.235448 0.333330 0.026456 0.027776
3 0.552028 0.196179 0.035272 0.031248
2 0.396824 0.751734 0.042328 0.024304
3 0.269840 0.559031 0.031748 0.024304
0 0.586420 0.996531 0.029984 0.038192
