0 0.068784 0.823786 0.056436 0.053816
0 0.611112 0.841146 0.047620 0.050344
0 0.545856 0.774303 0.051148 0.059031
2 0.874780 0.652776 0.052912 0.052080
2 0.578484 0.118053 0.049384 0.076391
2 0.295416 0.118053 0.065256 0.055559
2 0.305996 0.233504 0.047620 0.067711
2 0.190476 0.467885 0.098764 0.060767
2 0.048500 0.700523 0.075836 0.057295
2 0.631392 0.350691 0.059964 0.062503
2 0.879188 0.303819 0.065256 0.048608
2 0.899472 0.184896 0.070548 0.046872
0 0.970900 0.337671 0.051148 0.053816
2 0.748676 0.416666 0.040564 0.065975
2 0.770724 0.628472 0.042328 0.062503
2 0.795416 0.800350 0.049384 0.072919
0 0.820988 0.911461 0.072312 0.045136
2 0.705468 0.910593 0.084656 0.057295
