2 0.246032 0.695315 0.033508 0.064239
2 0.246032 0.827258 0.040564 0.074655
2 0.128748 0.863714 0.077600 0.032984
2 0.194004 0.865450 0.035272 0.074655
2 0.444444 0.855034 0.035272 0.074655
2 0.604940 0.535589 0.067020 0.064239
2 0.075836 0.676212 0.077600 0.032984
2 0.246032 0.480905 0.022928 0.059031
2 0.290124 0.894962 0.040564 0.067711
1 0.086420 0.934029 0.049384 0.045136
1 0.355380 0.892358 0.040564 0.041664
1 0.339508 0.946181 0.022928 0.020832
1 0.149028 0.751735 0.047620 0.048608
1 0.101412 0.532117 0.037036 0.043400
1 0.028220 0.115449 0.038800 0.039928
1 0.063492 0.631944 0.042328 0.045136
0 0.161376 0.378474 0.037036 0.038192
