0 0.802951 0.025573 0.043403 0.047619
0 0.786458 0.08642 0.038194 0.042328
2 0.203125 0.056437 0.0625 0.035273
0 0.44184 0.204586 0.043403 0.049383
0 0.552951 0.349206 0.046875 0.042328
2 0.552951 0.529982 0.032986 0.058201
0 0.549479 0.656085 0.043403 0.024691
0 0.769965 0.44709 0.046875 0.03351
0 0.962674 0.326279 0.036458 0.031746
2 0.349826 0.441799 0.050347 0.054674
0 0.415799 0.556437 0.039931 0.047619
0 0.478299 0.996473 0.043403 0.042328
0 0.898438 0.42769 0.050347 0.044092
3 0.920139 0.463845 0.038194 0.024691
0 0.705729 0.977954 0.039931 0.044092
