1 0.083776 0.715278 0.037036 0.041664
2 0.043208 0.921876 0.040564 0.052080
2 0.097884 0.187499 0.037036 0.083335
2 0.003528 0.210067 0.059964 0.055559
1 0.235448 0.405381 0.040564 0.039928
1 0.149912 0.269098 0.038800 0.041664
1 0.246032 0.225691 0.044092 0.041664
1 0.007936 0.291666 0.037036 0.038192
2 0.783068 0.921008 0.074076 0.029512
2 0.630512 0.902780 0.061728 0.045136
2 0.616404 0.604167 0.072312 0.034720
2 0.146384 0.554684 0.102292 0.029512
2 0.660492 0.093748 0.082892 0.048608
1 0.451500 0.276910 0.038800 0.039928
1 0.486772 0.880205 0.035272 0.034720
1 0.627864 0.283854 0.042328 0.043400
1 0.786596 0.573787 0.028220 0.039928
1 0.825396 0.650171 0.042328 0.032984
1 0.424164 0.773434 0.044092 0.043400
2 0.115520 0.328990 0.058200 0.046872
2 0.416224 0.318574 0.081128 0.032984
