0 0.325396 0.157120 0.075836 0.043400
2 0.404760 0.470489 0.061728 0.069447
2 0.320104 0.656248 0.051148 0.079863
2 0.424164 0.668400 0.044092 0.069447
2 0.183420 0.684899 0.045856 0.067711
2 0.780424 0.625868 0.058200 0.074655
0 0.848324 0.610244 0.045856 0.046872
2 0.700176 0.415798 0.063492 0.078127
2 0.777776 0.421006 0.038800 0.085071
2 0.570548 0.611980 0.054672 0.088543
2 0.672840 0.638888 0.072312 0.055559
0 0.536156 0.876734 0.052912 0.059031
2 0.795416 0.896698 0.102292 0.039928
2 0.993828 0.925349 0.068784 0.041664
2 0.343916 0.863714 0.052912 0.078127
