1 0.916224 0.715278 0.037036 0.041664
2 0.956792 0.921876 0.040564 0.052080
2 0.902116 0.187499 0.037036 0.083335
2 0.996472 0.210067 0.059964 0.055559
1 0.764552 0.405381 0.040564 0.039928
1 0.850088 0.269098 0.038800 0.041664
1 0.753968 0.225691 0.044092 0.041664
1 0.992064 0.291666 0.037036 0.038192
2 0.216932 0.921008 0.074076 0.029512
2 0.369488 0.902780 0.061728 0.045136
2 0.383596 0.604167 0.072312 0.034720
2 0.853616 0.554684 0.102292 0.029512
2 0.339508 0.093748 0.082892 0.048608
1 0.548500 0.276910 0.038800 0.039928
1 0.513228 0.880205 0.035272 0.034720
1 0.372136 0.283854 0.042328 0.043400
1 0.213404 0.573787 0.028220 0.039928
1 0.174604 0.650171 0.042328 0.032984
1 0.575836 0.773434 0.044092 0.043400
2 0.884480 0.328990 0.058200 0.046872
2 0.583776 0.318574 0.081128 0.032984
