0 0.533508 0.983504 0.044092 0.029512
0 0.833332 0.529512 0.026456 0.041664
0 0.304232 0.706598 0.047620 0.045136
0 0.364196 0.174479 0.044092 0.022568
0 0.306880 0.928820 0.035272 0.045136
0 0.579364 0.296874 0.040564 0.038192
0 0.954144 0.011288 0.031748 0.029512
0 0.191360 0.699654 0.037036 0.048608
0 0.612876 0.252606 0.044092 0.029512
0 0.985892 0.496528 0.042328 0.048608
2 0.514992 0.697918 0.042328 0.052080
2 0.337744 0.838541 0.044092 0.055559
2 0.418872 0.635415 0.037036 0.055559
2 0.141092 0.712674 0.067020 0.026040
2 0.641092 0.586807 0.047620 0.052080
2 0.693120 0.515624 0.042328 0.055559
2 0.023808 0.629339 0.040564 0.060767
2 0.125220 0.576391 0.035272 0.072919
2 0.042328 0.171007 0.052912 0.032984
2 0.589064 0.643227 0.024692 0.064239
