2 0.917108 0.017364 0.031748 0.059031
0 0.576720 0.583335 0.031748 0.038192
0 0.434744 0.594619 0.040564 0.039928
0 0.221340 0.542532 0.037036 0.039928
0 0.141976 0.805557 0.040564 0.045136
0 0.680776 0.493056 0.038800 0.038192
0 0.815696 0.597223 0.037036 0.038192
0 0.027336 0.585939 0.037036 0.036456
2 0.027336 0.666670 0.037036 0.048608
1 0.120812 0.748262 0.029984 0.031248
0 0.992064 0.601563 0.037036 0.039928
0 0.831568 0.487848 0.037036 0.038192
2 0.608464 0.395833 0.067020 0.034720
0 0.941800 0.663191 0.045856 0.045136
