1 0.28559 0.914462 0.039931 0.037037
2 0.078993 0.95679 0.050347 0.040564
2 0.814236 0.901235 0.083333 0.035273
2 0.791667 0.994709 0.055556 0.059965
1 0.595486 0.76455 0.038194 0.040564
1 0.731771 0.849206 0.039931 0.037037
1 0.776042 0.752205 0.041667 0.044092
1 0.709201 0.991182 0.036458 0.035273
2 0.078993 0.216049 0.029514 0.075838
2 0.097222 0.367725 0.045139 0.061728
2 0.396701 0.381834 0.032986 0.07231
2 0.447049 0.853616 0.029514 0.102293
2 0.907986 0.339506 0.048611 0.082892
1 0.723958 0.546737 0.038194 0.038801
1 0.121528 0.512346 0.034722 0.03351
1 0.717014 0.372134 0.041667 0.042328
1 0.426215 0.212522 0.039931 0.029982
1 0.351563 0.174603 0.032986 0.042328
1 0.228299 0.574074 0.043403 0.044092
2 0.672743 0.883598 0.046875 0.056437
2 0.68316 0.583774 0.032986 0.081129
