3 0.256076 0.35097 0.032986 0.035273
0 0.461806 0.251323 0.041667 0.037037
0 0.434896 0.189594 0.039931 0.03351
0 0.399306 0.256614 0.034722 0.040564
0 0.671007 0.433862 0.039931 0.035273
0 0.595486 0.583774 0.03125 0.042328
0 0.520833 0.464727 0.038194 0.03351
0 0.021701 0.660494 0.026042 0.040564
0 0.71875 0.106702 0.038194 0.047619
0 0.891493 0.124339 0.046875 0.037037
0 0.260417 0.517637 0.034722 0.040564
0 0.598958 0.22575 0.027778 0.035273
0 0.776042 0.324515 0.041667 0.042328
2 0.864583 0.537037 0.048611 0.040564
