2 0.718696 0.540797 0.037036 0.026040
2 0.187832 0.395834 0.029984 0.038192
0 0.964728 0.787323 0.035272 0.039928
2 0.253968 0.387154 0.035272 0.027776
2 0.684304 0.733507 0.024692 0.036456
2 0.497356 0.560761 0.035272 0.048608
2 0.083776 0.321179 0.022928 0.045136
2 0.819224 0.887150 0.033508 0.041664
0 0.249560 0.623264 0.037036 0.027776
0 0.334216 0.348955 0.033508 0.045136
0 0.191360 0.677948 0.033508 0.036456
0 0.433864 0.013886 0.038800 0.031248
0 0.501764 0.695315 0.033508 0.039928
0 0.559964 0.612848 0.040564 0.041664
0 0.168432 0.490453 0.033508 0.032984
0 0.185184 0.782983 0.035272 0.031248
0 0.267196 0.094617 0.040564 0.036456
0 0.615520 0.861978 0.031748 0.032984
0 0.588184 0.943577 0.033508 0.036456
0 0.166668 0.988713 0.033508 0.039928
0 0.358908 0.398438 0.040564 0.039928
0 0.149912 0.199652 0.031748 0.041664
0 0.022928 0.569441 0.042328 0.041664
0 0.298940 0.016490 0.044092 0.039928
0 0.094356 0.480905 0.026456 0.041664
0 0.032628 0.239580 0.033508 0.034720
0 0.419752 0.245663 0.038800 0.039928
0 0.040564 0.959201 0.042328 0.036456
2 0.837744 0.710939 0.049384 0.039928
2 0.623456 0.745659 0.044092 0.022568
2 0.017636 0.072049 0.031748 0.057295
2 0.593476 0.357642 0.040564 0.045136
1 0.118164 0.361982 0.028220 0.032984
1 0.376544 0.186632 0.033508 0.029512
2 0.894180 0.053821 0.042328 0.017360
2 0.775132 0.084201 0.033508 0.032984
2 0.573192 0.171008 0.042328 0.022568
