2 0.876544 0.787324 0.035272 0.039928
2 0.277776 0.863715 0.033508 0.036456
2 0.564372 0.525174 0.038800 0.032984
3 0.105820 0.215277 0.028220 0.034720
2 0.569664 0.243053 0.028220 0.041664
0 0.466492 0.257816 0.037036 0.036456
0 0.002644 0.924482 0.040564 0.022568
0 0.671076 0.587677 0.040564 0.036456
0 0.225748 0.858507 0.035272 0.039928
0 0.318344 0.900171 0.040564 0.036456
0 0.075836 0.769964 0.038800 0.029512
0 0.041448 0.361976 0.037036 0.032984
0 0.390652 0.629341 0.037036 0.032984
2 0.258376 0.199653 0.044092 0.048608
2 0.038800 0.729168 0.031748 0.045136
2 0.611992 0.713544 0.049384 0.045136
2 0.630512 0.834203 0.061728 0.057295
2 0.674604 0.853299 0.037036 0.039928
