2 0.112876 0.205726 0.038800 0.053816
2 0.340388 0.651913 0.038800 0.053816
2 0.025572 0.690105 0.040564 0.057295
0 0.639328 0.357640 0.044092 0.045136
1 0.970016 0.528643 0.042328 0.036456
2 0.278660 0.718749 0.049384 0.027776
0 0.637568 0.114586 0.051148 0.038192
0 0.522928 0.407984 0.047620 0.045136
2 0.499120 0.884551 0.045856 0.050344
2 0.219576 0.317705 0.054672 0.038192
0 0.197532 0.458335 0.042328 0.052080
2 0.186948 0.223093 0.049384 0.032984
2 0.283952 0.153646 0.052912 0.036456
2 0.817460 0.144098 0.054672 0.038192
2 0.851852 0.072915 0.031748 0.048608
2 0.650792 0.269097 0.042328 0.041664
2 0.642856 0.434031 0.033508 0.052080
2 0.835980 0.444447 0.038800 0.048608
0 0.556436 0.587674 0.051148 0.050344
2 0.574076 0.738713 0.054672 0.050344
2 0.666668 0.805556 0.045856 0.048608
2 0.891536 0.644094 0.054672 0.041664
0 0.977956 0.338544 0.047620 0.041664
2 0.998236 0.040799 0.045856 0.046872
