0 0.027337 0.802951 0.047619 0.043403
0 0.088183 0.786458 0.042328 0.038194
2 0.058201 0.203125 0.035273 0.0625
0 0.206349 0.44184 0.049383 0.043403
0 0.35097 0.552951 0.042328 0.046875
2 0.531746 0.552951 0.058201 0.032986
0 0.657848 0.549479 0.024691 0.043403
0 0.448854 0.769965 0.03351 0.046875
0 0.328042 0.962674 0.031746 0.036458
2 0.443563 0.349826 0.054674 0.050347
0 0.558201 0.415799 0.047619 0.039931
0 0.997354 0.478299 0.040564 0.043403
0 0.429453 0.898438 0.044092 0.050347
3 0.465608 0.920139 0.024691 0.038194
0 0.978836 0.705729 0.042328 0.039931
