0 0.800704 0.209198 0.038800 0.036456
0 0.833332 0.351564 0.040564 0.043400
2 0.984128 0.464411 0.056436 0.036456
0 0.657848 0.282985 0.038800 0.034720
0 0.715168 0.282117 0.040564 0.043400
1 0.239860 0.521699 0.028220 0.032984
0 0.152556 0.496527 0.037036 0.031248
2 0.765432 0.967011 0.067020 0.045136
0 0.100528 0.884551 0.031748 0.039928
0 0.071428 0.861976 0.033508 0.039928
0 0.350972 0.765628 0.035272 0.034720
2 0.395944 0.806424 0.058200 0.043400
0 0.100528 0.751733 0.035272 0.038192
2 0.671076 0.962671 0.061728 0.032984
0 0.400352 0.151910 0.042328 0.032984
0 0.353616 0.163194 0.040564 0.034720
0 0.534392 0.118058 0.035272 0.034720
0 0.393300 0.259549 0.042328 0.032984
2 0.214284 0.066839 0.058200 0.029512
0 0.568784 0.812500 0.033508 0.038192
3 0.000000 0.611978 0.028220 0.026040
