2 0.110228 0.549477 0.061728 0.032984
2 0.153440 0.928821 0.042328 0.045136
2 0.205468 0.761283 0.040564 0.050344
2 0.965608 0.473093 0.037036 0.057295
2 0.802468 0.522569 0.049384 0.041664
2 0.863316 0.786455 0.022928 0.055559
2 0.431216 0.335067 0.044092 0.041664
3 0.664904 0.243059 0.031748 0.048608
2 0.218696 0.303819 0.042328 0.055559
3 0.441800 0.384550 0.044092 0.046872
2 0.527336 0.449650 0.045856 0.034720
0 0.597884 0.507813 0.042328 0.039928
0 0.291004 0.153648 0.038800 0.043400
0 0.901236 0.980033 0.049384 0.036456
