1 0.005208 0.164903 0.041667 0.040564
2 0.1875 0.017637 0.065972 0.038801
1 0.101563 0.080247 0.039931 0.040564
1 0.239583 0.520282 0.041667 0.038801
1 0.375868 0.309524 0.043403 0.044092
1 0.759549 0.425926 0.043403 0.047619
1 0.403646 0.604938 0.032986 0.038801
1 0.385417 0.647266 0.041667 0.038801
2 0.765625 0.170194 0.065972 0.061728
2 0.636285 0.170194 0.067708 0.037037
2 0.65191 0.216049 0.046875 0.065256
2 0.672743 0.583774 0.043403 0.049383
2 0.592882 0.772487 0.057292 0.077601
1 0.663194 0.746914 0.045139 0.047619
1 0.989583 0.253086 0.038194 0.047619
2 0.962674 0.693122 0.036458 0.070547
