2 0.299479 0.468254 0.039931 0.026455
3 0.83941 0.152557 0.043403 0.03351
2 0.383681 0.03351 0.03125 0.035273
0 0.897569 0.839506 0.041667 0.042328
0 0.652778 0.401235 0.041667 0.029982
0 0.940104 0.512346 0.036458 0.029982
0 0.631944 0.111993 0.03125 0.037037
0 0.321181 0.64903 0.038194 0.035273
0 0.873264 0.783069 0.038194 0.038801
0 0.900174 0.539683 0.039931 0.031746
0 0.93316 0.097002 0.029514 0.038801
0 0.37934 0.321869 0.036458 0.037037
2 0.763021 0.896825 0.026042 0.047619
2 0.494792 0.548501 0.045139 0.056437
2 0.226562 0.424162 0.057292 0.029982
