3 0.314816 0.068576 0.061728 0.032984
2 0.157848 0.250002 0.068784 0.062503
2 0.512344 0.198783 0.040564 0.074655
2 0.893300 0.160591 0.037036 0.067711
2 0.985008 0.060764 0.079364 0.034720
2 0.889772 0.400173 0.051148 0.074655
2 0.950616 0.351565 0.070548 0.036456
2 0.654320 0.464412 0.038800 0.081599
2 0.633156 0.407985 0.042328 0.065975
2 0.575836 0.342017 0.051148 0.069447
2 0.546736 0.247398 0.045856 0.074655
2 0.570548 0.293402 0.075836 0.038192
2 0.668432 0.315102 0.088184 0.071183
2 0.656968 0.361981 0.075836 0.050344
2 0.387124 0.353301 0.089948 0.043400
2 0.285716 0.481772 0.042328 0.074655
2 0.265432 0.530380 0.047620 0.050344
2 0.115520 0.667538 0.079364 0.053816
2 0.187832 0.619791 0.044092 0.076391
2 0.413580 0.681426 0.040564 0.078127
2 0.382716 0.817709 0.098764 0.024304
2 0.058200 0.813369 0.038800 0.064239
2 0.009700 0.914064 0.089948 0.029512
2 0.089948 0.875865 0.070548 0.050344
2 0.516756 0.812501 0.059964 0.062503
2 0.539684 0.739582 0.070548 0.055559
2 0.597000 0.786461 0.072312 0.045136
2 0.658732 0.748262 0.082892 0.034720
2 0.690476 0.704862 0.075836 0.038192
2 0.760140 0.673614 0.038800 0.079863
2 0.734568 0.763886 0.044092 0.076391
2 0.822752 0.797745 0.065256 0.039928
2 0.454144 0.451392 0.086420 0.034720
2 0.425924 0.498264 0.058200 0.052080
2 0.572312 0.525172 0.079364 0.036456
2 0.651676 0.543400 0.086420 0.031248
2 0.733688 0.507812 0.063492 0.067711
2 0.797180 0.504340 0.074076 0.043400
2 0.615520 0.486112 0.028220 0.069447
2 0.255732 0.986976 0.077600 0.032984
2 0.684304 0.994795 0.077600 0.038192
2 0.743388 0.897572 0.054672 0.076391
2 0.925924 0.877601 0.070548 0.043400
1 0.409172 0.179687 0.035272 0.039928
1 0.482364 0.274306 0.040564 0.045136
1 0.632276 0.213539 0.044092 0.045136
1 0.019400 0.382813 0.035272 0.036456
1 0.179896 0.410589 0.042328 0.046872
1 0.207232 0.547740 0.040564 0.043400
1 0.265432 0.604167 0.040564 0.045136
1 0.286596 0.783857 0.051148 0.046872
1 0.072312 0.721354 0.042328 0.050344
1 0.935628 0.941840 0.044092 0.046872
1 0.906524 0.302082 0.045856 0.045136
1 0.738096 0.430553 0.037036 0.038192
1 0.425044 0.623263 0.038800 0.038192
1 0.847444 0.694446 0.040564 0.041664
1 0.604056 0.658851 0.040564 0.043400
1 0.723104 0.674482 0.038800 0.036456
1 0.307760 0.967880 0.047620 0.043400
1 0.684304 0.581599 0.042328 0.041664
1 0.317460 0.430553 0.045856 0.041664
1 0.585536 0.438365 0.045856 0.043400
1 0.540564 0.483508 0.051148 0.036456
1 0.582892 0.496528 0.040564 0.038192
1 0.317460 0.670142 0.017636 0.017360
1 0.691360 0.249134 0.042328 0.039928
1 0.017636 0.874129 0.042328 0.032984
1 0.421516 0.397569 0.038800 0.034720
1 0.544092 0.675350 0.040564 0.041664
