2 0.618056 0.75485 0.041667 0.070547
1 0.800347 0.924162 0.038194 0.035273
1 0.559028 0.645503 0.041667 0.042328
1 0.789062 0.06261 0.043403 0.040564
2 0.233507 0.932099 0.029514 0.082892
2 0.856771 0.87478 0.050347 0.063492
2 0.835069 0.829806 0.052083 0.03351
2 0.97309 0.549383 0.064236 0.037037
1 0.4375 0.273369 0.038194 0.038801
1 0.21441 0.063492 0.043403 0.042328
1 0.913194 0.108466 0.041667 0.037037
1 0.099826 0.411817 0.036458 0.037037
1 0.019097 0.804233 0.041667 0.038801
1 0.222222 0.550265 0.041667 0.042328
1 0.740451 0.425926 0.032986 0.040564
