2 0.53351 0.700521 0.026455 0.039931
3 0.849206 0.16059 0.03351 0.043403
2 0.968254 0.616319 0.035273 0.03125
0 0.162257 0.102431 0.042328 0.041667
0 0.600529 0.347222 0.029982 0.041667
0 0.489418 0.059896 0.029982 0.036458
0 0.889771 0.368056 0.037037 0.03125
0 0.352734 0.678819 0.035273 0.038194
0 0.218695 0.126736 0.038801 0.038194
0 0.462081 0.099826 0.031746 0.039931
0 0.904762 0.06684 0.038801 0.029514
0 0.679894 0.62066 0.037037 0.036458
2 0.104938 0.236979 0.047619 0.026042
2 0.453263 0.505208 0.056437 0.045139
2 0.577601 0.773438 0.029982 0.057292
