0 0.197049 0.974427 0.043403 0.047619
0 0.213542 0.91358 0.038194 0.042328
2 0.796875 0.943563 0.0625 0.035273
0 0.55816 0.795414 0.043403 0.049383
0 0.447049 0.650794 0.046875 0.042328
2 0.447049 0.470018 0.032986 0.058201
0 0.450521 0.343915 0.043403 0.024691
0 0.230035 0.55291 0.046875 0.03351
0 0.037326 0.673721 0.036458 0.031746
2 0.650174 0.558201 0.050347 0.054674
0 0.584201 0.443563 0.039931 0.047619
0 0.521701 0.003527 0.043403 0.042328
0 0.101562 0.57231 0.050347 0.044092
3 0.079861 0.536155 0.038194 0.024691
0 0.294271 0.022046 0.039931 0.044092
