2 0.412700 0.248267 0.052912 0.048608
2 0.156968 0.632812 0.045856 0.039928
2 0.651676 0.141496 0.037036 0.057295
2 0.901236 0.861978 0.031748 0.064239
2 0.976192 0.881942 0.026456 0.048608
2 0.058200 0.364586 0.049384 0.048608
2 0.483244 0.536457 0.031748 0.048608
2 0.363316 0.721355 0.042328 0.053816
0 0.672840 0.593752 0.047620 0.031248
0 0.917108 0.442706 0.035272 0.048608
2 0.410052 0.653644 0.033508 0.053816
2 0.273368 0.664060 0.038800 0.057295
2 0.245148 0.846354 0.049384 0.039928
0 0.007936 0.569441 0.054672 0.038192
3 0.166668 0.673608 0.019400 0.031248
0 0.069664 0.598092 0.044092 0.043400
2 0.209876 0.185764 0.045856 0.055559
3 0.099648 0.277779 0.047620 0.038192
2 0.440036 0.992185 0.054672 0.032984
0 0.767196 0.398438 0.052912 0.043400
