2 0.395944 0.638019 0.026456 0.036456
2 0.261024 0.465280 0.031748 0.038192
3 0.103176 0.691842 0.029984 0.032984
2 0.279540 0.738714 0.026456 0.032984
3 0.006172 0.255210 0.029984 0.024304
2 0.707232 0.089408 0.035272 0.019096
2 0.939152 0.808161 0.037036 0.029512
2 0.743388 0.771698 0.026456 0.032984
2 0.141976 0.189235 0.040564 0.020832
2 0.907408 0.528644 0.058200 0.026040
0 0.513228 0.684898 0.038800 0.032984
0 0.263668 0.680558 0.040564 0.041664
0 0.583776 0.646699 0.038800 0.029512
0 0.050264 0.471356 0.026456 0.036456
0 0.314816 0.809897 0.040564 0.032984
0 0.975308 0.986976 0.038800 0.029512
0 0.372136 0.825521 0.035272 0.032984
0 0.653440 0.924480 0.040564 0.029512
