2 0.312168 0.281249 0.042328 0.052080
2 0.140212 0.499999 0.029984 0.059031
2 0.297180 0.168402 0.044092 0.038192
2 0.127864 0.335072 0.033508 0.048608
2 0.666668 0.023439 0.056436 0.032984
0 0.589948 0.353300 0.040564 0.039928
1 0.904760 0.955727 0.017636 0.015624
2 0.858024 0.717881 0.054672 0.046872
2 0.551148 0.961803 0.047620 0.048608
2 0.194884 0.983510 0.051148 0.039928
2 0.114640 0.565106 0.035272 0.050344
2 0.111112 0.114586 0.035272 0.052080
2 0.279540 0.064235 0.054672 0.031248
2 0.344796 0.000871 0.058200 0.039928
2 0.389772 0.720485 0.045856 0.041664
2 0.421516 0.678821 0.049384 0.041664
2 0.432100 0.984378 0.049384 0.041664
2 0.791004 0.507811 0.054672 0.039928
2 0.833332 0.569446 0.054672 0.038192
