1 0.872396 0.243386 0.039931 0.045855
1 0.133681 0.837743 0.038194 0.038801
2 0.311632 0.746914 0.095486 0.037037
2 0.262153 0.862434 0.072917 0.081129
2 0.636285 0.805115 0.050347 0.061728
2 0.607639 0.93739 0.069444 0.047619
1 0.536458 0.839506 0.034722 0.038801
2 0.647569 0.693122 0.052083 0.056437
1 0.900174 0.489418 0.039931 0.037037
1 0.980903 0.554674 0.038194 0.037037
1 0.133681 0.485891 0.024306 0.022928
2 0.927083 0.836861 0.038194 0.037037
1 0.980903 0.854497 0.034722 0.037037
1 0.916667 0.62963 0.041667 0.05291
