0 0.207465 0.201058 0.036458 0.038801
0 0.351562 0.16843 0.043403 0.040564
2 0.46441 0.015873 0.036458 0.056437
0 0.282118 0.343034 0.032986 0.037037
0 0.28125 0.284832 0.041667 0.040564
1 0.519965 0.760141 0.032986 0.028219
0 0.49566 0.849206 0.029514 0.037037
2 0.965278 0.23545 0.045139 0.068783
0 0.884549 0.901235 0.039931 0.031746
0 0.860243 0.929453 0.039931 0.031746
0 0.765625 0.64903 0.034722 0.035273
2 0.805556 0.604938 0.041667 0.056437
0 0.75 0.901235 0.038194 0.035273
2 0.960938 0.329806 0.032986 0.059965
0 0.151042 0.601411 0.03125 0.042328
0 0.162326 0.646384 0.032986 0.040564
0 0.118056 0.46649 0.034722 0.03351
0 0.258681 0.606702 0.03125 0.042328
2 0.065104 0.787478 0.029514 0.058201
0 0.811632 0.431217 0.036458 0.03351
3 0.610243 1.0 0.026042 0.028219
