2 0.020284 0.759547 0.058200 0.071183
0 0.246032 0.855034 0.044092 0.046872
2 0.133156 0.886282 0.065256 0.043400
0 0.205468 0.598960 0.040564 0.038192
2 0.291888 0.762151 0.040564 0.062503
2 0.514992 0.683163 0.088184 0.029512
2 0.720460 0.577260 0.044092 0.046872
2 0.814816 0.264759 0.049384 0.057295
2 0.967372 0.646700 0.051148 0.046872
2 0.776016 0.490453 0.059964 0.039928
2 0.884480 0.822918 0.033508 0.059031
2 0.925924 0.928821 0.038800 0.055559
2 0.147268 0.566837 0.040564 0.057295
2 0.087300 0.004338 0.051148 0.036456
2 0.253968 0.434894 0.056436 0.043400
2 0.210760 0.386286 0.040564 0.064239
2 0.069664 0.517361 0.075836 0.038192
2 0.013228 0.457462 0.068784 0.050344
