2 0.753968 0.618923 0.068784 0.043400
1 0.923280 0.800349 0.037036 0.038192
1 0.643740 0.559031 0.042328 0.041664
1 0.060848 0.789065 0.040564 0.043400
2 0.930336 0.233510 0.082892 0.029512
2 0.873016 0.858505 0.063492 0.050344
2 0.828924 0.835937 0.035272 0.053816
2 0.547620 0.974824 0.037036 0.064239
1 0.273368 0.439233 0.038800 0.038192
1 0.063492 0.216143 0.042328 0.043400
1 0.108464 0.913196 0.037036 0.041664
1 0.411816 0.101560 0.037036 0.036456
1 0.804232 0.018232 0.038800 0.043400
1 0.550264 0.223955 0.042328 0.041664
1 0.425924 0.742186 0.040564 0.032984
