1 0.320104 0.671010 0.040564 0.043400
2 0.065256 0.755206 0.031748 0.041664
3 0.186948 0.557295 0.045856 0.031248
0 0.477956 0.806425 0.035272 0.050344
2 0.396824 0.835069 0.021164 0.059031
3 0.683420 0.937500 0.040564 0.041664
1 0.258376 0.255210 0.037036 0.034720
3 0.191360 0.300346 0.040564 0.041664
2 0.498236 0.365453 0.054672 0.036456
3 0.546736 0.263022 0.049384 0.029512
3 0.708996 0.253474 0.042328 0.024304
0 0.528220 0.018232 0.040564 0.026040
3 1.000000 0.065972 0.049384 0.034720
3 0.935628 0.457468 0.033508 0.039928
3 0.924164 0.375869 0.049384 0.039928
3 0.807760 0.421005 0.035272 0.043400
3 0.834216 0.467016 0.045856 0.027776
2 0.745148 0.496528 0.037036 0.045136
2 0.779540 0.511284 0.024692 0.029512
0 0.748676 0.784725 0.033508 0.048608
0 0.786596 0.855901 0.035272 0.034720
2 0.819224 0.919272 0.037036 0.060767
