3 0.650792 0.256078 0.035272 0.032984
0 0.750440 0.461808 0.037036 0.041664
0 0.811288 0.436629 0.035272 0.039928
0 0.745148 0.400173 0.040564 0.036456
0 0.567900 0.671010 0.035272 0.039928
0 0.417988 0.596355 0.042328 0.032984
0 0.537036 0.522568 0.033508 0.038192
0 0.340388 0.021704 0.042328 0.026040
0 0.893300 0.719618 0.047620 0.039928
0 0.877424 0.891496 0.037036 0.046872
0 0.482364 0.260418 0.040564 0.034720
0 0.774252 0.599827 0.035272 0.029512
0 0.677248 0.776045 0.042328 0.041664
2 0.462964 0.866317 0.040564 0.048608
