2 0.428572 0.029517 0.035272 0.024304
2 0.826280 0.256947 0.037036 0.024304
2 0.646384 0.098957 0.033508 0.034720
2 0.478836 0.161460 0.022928 0.038192
2 0.776016 0.837674 0.031748 0.029512
2 0.038800 0.790802 0.021164 0.039928
3 0.125220 0.993053 0.035272 0.017360
2 0.947972 0.741319 0.029984 0.038192
2 0.387124 0.469621 0.040564 0.032984
2 0.252204 0.051217 0.028220 0.039928
2 0.860672 0.661456 0.038800 0.024304
2 0.171956 0.342011 0.019400 0.038192
2 0.620812 0.237844 0.024692 0.038192
2 0.848324 0.376738 0.021164 0.038192
2 0.891536 0.109373 0.047620 0.045136
2 0.933864 0.239580 0.051148 0.017360
2 0.251324 0.381946 0.026456 0.048608
2 0.119048 0.572920 0.051148 0.017360
2 0.516756 0.220484 0.031748 0.045136
2 0.224868 0.802086 0.037036 0.048608
2 0.426808 0.221352 0.042328 0.036456
0 0.746912 0.891490 0.037036 0.029512
0 0.046736 0.633680 0.044092 0.041664
1 0.732804 0.562497 0.026456 0.027776
1 0.007936 0.021698 0.037036 0.032984
