2 0.027336 0.212671 0.040564 0.019096
2 0.923280 0.948784 0.033508 0.022568
2 0.825396 0.024308 0.031748 0.024304
2 0.294532 0.626735 0.035272 0.031248
2 0.657848 0.969616 0.035272 0.019096
2 0.849208 0.453996 0.040564 0.026040
2 0.717812 0.276042 0.038800 0.027776
2 0.669312 0.565107 0.037036 0.032984
2 0.778660 0.098088 0.029984 0.026040
2 0.465608 0.776913 0.031748 0.029512
2 0.753088 0.183159 0.038800 0.022568
3 0.611992 0.262154 0.021164 0.020832
2 0.912700 0.161459 0.026456 0.034720
2 0.392416 0.539928 0.026456 0.055559
2 0.059964 0.921008 0.028220 0.032984
2 0.151676 0.841145 0.052912 0.022568
2 0.240740 0.435761 0.040564 0.045136
2 0.511464 0.974824 0.056436 0.036456
0 0.965608 0.499132 0.037036 0.036456
0 0.932980 0.446184 0.035272 0.041664
0 0.182540 0.509548 0.037036 0.032984
0 0.981480 0.640623 0.040564 0.034720
1 0.373896 0.749130 0.035272 0.029512
1 0.637568 0.841145 0.026456 0.022568
1 0.450616 0.098956 0.033508 0.027776
