1 0.166667 0.005208 0.040564 0.041667
2 0.018519 0.1875 0.040564 0.065972
1 0.082011 0.101562 0.040564 0.039931
1 0.522046 0.239583 0.038801 0.041667
1 0.311287 0.375868 0.044092 0.043403
1 0.42769 0.759549 0.047619 0.043403
1 0.606702 0.403646 0.038801 0.032986
1 0.64903 0.385417 0.038801 0.041667
2 0.171958 0.765625 0.061728 0.065972
2 0.171958 0.636285 0.037037 0.067708
2 0.217813 0.65191 0.065256 0.046875
2 0.585538 0.672743 0.049383 0.043403
2 0.77425 0.592882 0.077601 0.057292
1 0.748677 0.663194 0.047619 0.045139
1 0.25485 0.989583 0.047619 0.038194
2 0.694885 0.962674 0.070547 0.036458
