2 0.700521 0.531746 0.039931 0.026455
3 0.16059 0.847443 0.043403 0.03351
2 0.616319 0.96649 0.03125 0.035273
0 0.102431 0.160494 0.041667 0.042328
0 0.347222 0.598765 0.041667 0.029982
0 0.059896 0.487654 0.036458 0.029982
0 0.368056 0.888007 0.03125 0.037037
0 0.678819 0.35097 0.038194 0.035273
0 0.126736 0.216931 0.038194 0.038801
0 0.099826 0.460317 0.039931 0.031746
0 0.06684 0.902998 0.029514 0.038801
0 0.62066 0.678131 0.036458 0.037037
2 0.236979 0.103175 0.026042 0.047619
2 0.505208 0.451499 0.045139 0.056437
2 0.773438 0.575838 0.057292 0.029982
