3 0.35097 0.743924 0.035273 0.032986
0 0.251323 0.538194 0.037037 0.041667
0 0.189594 0.565104 0.03351 0.039931
0 0.256614 0.600694 0.040564 0.034722
0 0.433862 0.328993 0.035273 0.039931
0 0.583774 0.404514 0.042328 0.03125
0 0.464727 0.479167 0.03351 0.038194
0 0.660494 0.978299 0.040564 0.026042
0 0.106702 0.28125 0.047619 0.038194
0 0.124339 0.108507 0.037037 0.046875
0 0.517637 0.739583 0.040564 0.034722
0 0.22575 0.401042 0.035273 0.027778
0 0.324515 0.223958 0.042328 0.041667
2 0.537037 0.135417 0.040564 0.048611
