2 0.138448 0.021703 0.079364 0.039928
2 0.104940 0.059027 0.044092 0.065975
2 0.010584 0.434031 0.084656 0.034720
2 0.493828 0.301213 0.059964 0.067711
2 0.494708 0.168402 0.065256 0.062503
2 0.526456 0.100691 0.082892 0.027776
2 0.082012 0.348960 0.065256 0.059031
2 0.645504 0.020835 0.042328 0.072919
2 0.769840 0.360244 0.075836 0.032984
2 0.823632 0.399304 0.081128 0.052080
2 0.994708 0.378472 0.070548 0.062503
2 0.815696 0.007815 0.058200 0.067711
2 0.888888 0.136286 0.059964 0.067711
2 0.629628 0.218753 0.081128 0.031248
2 0.761024 0.979170 0.054672 0.076391
2 0.957672 0.072047 0.042328 0.071183
2 0.998236 0.066839 0.070548 0.029512
1 0.124340 0.366320 0.040564 0.038192
1 0.456792 0.442711 0.045856 0.041664
1 0.567020 0.585938 0.044092 0.050344
1 0.642856 0.471355 0.044092 0.043400
1 0.694004 0.515623 0.047620 0.045136
1 0.784832 0.558162 0.045856 0.043400
1 0.849208 0.530379 0.044092 0.046872
1 0.856260 0.631942 0.040564 0.041664
1 0.690476 0.749129 0.051148 0.046872
1 0.825396 0.848088 0.038800 0.043400
1 0.977072 0.011287 0.045856 0.043400
1 0.963844 0.296005 0.044092 0.043400
2 0.759260 0.178818 0.037036 0.055559
1 0.399472 0.335072 0.044092 0.048608
1 0.589064 0.136286 0.042328 0.043400
1 0.754852 0.063367 0.042328 0.039928
