3 0.650794 0.743924 0.035273 0.032986
0 0.750441 0.538194 0.037037 0.041667
0 0.812169 0.565104 0.03351 0.039931
0 0.74515 0.600694 0.040564 0.034722
0 0.567901 0.328993 0.035273 0.039931
0 0.417989 0.404514 0.042328 0.03125
0 0.537037 0.479167 0.03351 0.038194
0 0.34127 0.978299 0.040564 0.026042
0 0.895062 0.28125 0.047619 0.038194
0 0.877425 0.108507 0.037037 0.046875
0 0.484127 0.739583 0.040564 0.034722
0 0.776014 0.401042 0.035273 0.027778
0 0.677249 0.223958 0.042328 0.041667
2 0.464727 0.135417 0.040564 0.048611
