3 0.909172 0.932293 0.026456 0.031248
2 0.335096 0.055557 0.042328 0.024304
3 0.633156 0.737847 0.042328 0.020832
2 0.194004 0.248267 0.042328 0.020832
3 0.056436 0.347219 0.038800 0.020832
2 0.034392 0.820314 0.037036 0.026040
2 0.095240 0.902781 0.038800 0.017360
3 0.312168 0.118921 0.024692 0.036456
2 0.169312 0.460934 0.021164 0.057295
2 0.642856 0.402778 0.058200 0.017360
2 0.870372 0.501737 0.040564 0.024304
2 0.825396 0.992185 0.038800 0.022568
2 0.092592 0.557289 0.040564 0.041664
0 0.963844 0.509549 0.033508 0.032984
