2 0.381944 0.753086 0.041667 0.070547
1 0.199653 0.922399 0.038194 0.035273
1 0.440972 0.643739 0.041667 0.042328
1 0.210938 0.060847 0.043403 0.040564
2 0.766493 0.930335 0.029514 0.082892
2 0.143229 0.873016 0.050347 0.063492
2 0.164931 0.828042 0.052083 0.03351
2 0.02691 0.547619 0.064236 0.037037
1 0.5625 0.271605 0.038194 0.038801
1 0.78559 0.061728 0.043403 0.042328
1 0.086806 0.106702 0.041667 0.037037
1 0.900174 0.410053 0.036458 0.037037
1 0.980903 0.802469 0.041667 0.038801
1 0.777778 0.548501 0.041667 0.042328
1 0.259549 0.424162 0.032986 0.040564
