2 0.615520 0.115449 0.070548 0.043400
2 0.570548 0.230900 0.029984 0.083335
2 0.594356 0.336803 0.084656 0.041664
2 0.727512 0.279515 0.068784 0.048608
2 0.917108 0.226560 0.070548 0.067711
2 0.774252 0.426214 0.088184 0.046872
2 0.777776 0.504341 0.063492 0.046872
2 0.801588 0.759547 0.033508 0.074655
2 0.850088 0.787323 0.074076 0.057295
2 0.967372 0.834202 0.061728 0.043400
2 0.032628 0.579864 0.086420 0.045136
2 0.220460 0.414062 0.081128 0.032984
2 0.509700 0.414930 0.035272 0.065975
2 0.393300 0.592016 0.081128 0.048608
2 0.303352 0.611112 0.077600 0.045136
2 0.025572 0.780379 0.068784 0.067711
2 0.407408 0.822918 0.070548 0.034720
2 0.456792 0.837674 0.031748 0.081599
2 0.480600 0.901913 0.033508 0.064239
2 0.470016 0.999129 0.044092 0.088543
2 0.569664 0.933161 0.084656 0.032984
2 0.701060 0.921877 0.065256 0.062503
2 1.000000 0.767359 0.081128 0.034720
1 0.092592 0.122393 0.047620 0.050344
1 0.022928 0.369794 0.042328 0.041664
1 0.331568 0.993053 0.042328 0.041664
1 0.266312 0.890622 0.042328 0.041664
1 0.503528 0.663192 0.051148 0.045136
1 0.563492 0.611112 0.051148 0.045136
1 0.284832 0.684899 0.047620 0.039928
1 0.452380 0.728299 0.026456 0.029512
1 0.521164 0.331595 0.044092 0.048608
1 0.992064 0.469621 0.040564 0.043400
1 0.788360 0.557289 0.042328 0.045136
1 0.696648 0.498265 0.038800 0.048608
1 0.629628 0.892358 0.042328 0.038192
1 0.652556 0.930557 0.042328 0.038192
1 0.723984 0.960937 0.044092 0.036456
1 0.517636 0.853298 0.040564 0.032984
1 0.388008 0.334199 0.042328 0.039928
