1 0.71441 0.085538 0.039931 0.037037
2 0.921007 0.04321 0.050347 0.040564
2 0.185764 0.098765 0.083333 0.035273
2 0.208333 0.005291 0.055556 0.059965
1 0.404514 0.23545 0.038194 0.040564
1 0.268229 0.150794 0.039931 0.037037
1 0.223958 0.247795 0.041667 0.044092
1 0.290799 0.008818 0.036458 0.035273
2 0.921007 0.783951 0.029514 0.075838
2 0.902778 0.632275 0.045139 0.061728
2 0.603299 0.618166 0.032986 0.07231
2 0.552951 0.146384 0.029514 0.102293
2 0.092014 0.660494 0.048611 0.082892
1 0.276042 0.453263 0.038194 0.038801
1 0.878472 0.487654 0.034722 0.03351
1 0.282986 0.627866 0.041667 0.042328
1 0.573785 0.787478 0.039931 0.029982
1 0.648438 0.825397 0.032986 0.042328
1 0.771701 0.425926 0.043403 0.044092
2 0.327257 0.116402 0.046875 0.056437
2 0.31684 0.416226 0.032986 0.081129
