2 0.466492 0.300348 0.026456 0.041664
3 0.151676 0.840279 0.031748 0.045136
2 0.031748 0.383683 0.035272 0.031248
0 0.837744 0.899303 0.042328 0.041664
0 0.399472 0.653645 0.029984 0.043400
0 0.511464 0.940106 0.028220 0.036456
0 0.111992 0.632813 0.037036 0.032984
0 0.649028 0.322048 0.035272 0.039928
0 0.783068 0.874131 0.038800 0.039928
0 0.538800 0.901907 0.029984 0.039928
0 0.097000 0.933162 0.038800 0.029512
0 0.320988 0.379343 0.038800 0.036456
2 0.896824 0.763888 0.047620 0.027776
2 0.548500 0.494794 0.056436 0.045136
2 0.423280 0.227429 0.028220 0.055559
