2 0.018229 0.917989 0.057292 0.03351
0 0.583333 0.577601 0.038194 0.03351
0 0.59375 0.434744 0.038194 0.040564
0 0.540799 0.222222 0.039931 0.035273
0 0.805556 0.143739 0.045139 0.040564
0 0.492188 0.681658 0.036458 0.037037
0 0.596354 0.815697 0.036458 0.037037
0 0.585938 0.027337 0.036458 0.037037
2 0.666667 0.027337 0.048611 0.037037
1 0.746528 0.121693 0.03125 0.031746
0 0.600694 0.992063 0.038194 0.03351
0 0.486979 0.83157 0.036458 0.037037
2 0.394965 0.608466 0.032986 0.067019
0 0.661458 0.943563 0.045139 0.045855
